jd,flux,fluxerr,AB_MAG,AB_MAG_ERR,absmag,absmagerr,filter,instrument,piv_wl
2456746.7338,1.0317934669985106e-16,9.50488141799028e-18,18.52,0.1,-12.080000000000002,0.1,r_p48,P48+ZTF,6421.166992940606
2458975.7025,1.0413405344033182e-15,3.837131601169347e-17,16.01,0.04,-14.59,0.04,r_p48,P48+ZTF,6421.166992940606
2458975.7501,3.2830248167864203e-15,9.072967383670951e-17,15.4,0.03,-15.200000000000001,0.03,g_p48,P48+ZTF,4789.313527877863
2458976.3688,7.1965496652818e-16,6.6294615516575945e-18,15.7,0.01,-14.900000000000002,0.01,z_LT,LT+IOO,8909.394468671806
2458976.3695,1.2358151976172465e-15,3.4152988801350225e-17,15.49,0.03,-15.110000000000001,0.03,i_LT,LT+IOO,7489.168218070939
2458976.3703,2.2680013031281486e-15,4.178565600883301e-17,15.25,0.02,-15.350000000000001,0.02,r_LT,LT+IOO,6174.31385020061
2458976.371,4.923532328076015e-15,2.267778990311813e-16,15.0,0.05,-15.600000000000001,0.05,g_LT,LT+IOO,4701.884477199233
2458976.3717,1.1884395093680806e-14,7.663533332209133e-16,14.65,0.07,-15.950000000000001,0.07,u_LT,LT+IOO,3555.672974130721
2458976.5576,7.746835372835322e-16,7.136384745455899e-18,15.62,0.01,-14.980000000000002,0.01,z_LT,LT+IOO,8909.394468671806
2458976.5583,1.355044418649695e-15,1.248266918460099e-17,15.39,0.01,-15.21,0.01,i_LT,LT+IOO,7489.168218070939
2458976.5591,2.3968634880652266e-15,0.0,15.19,0.0,-15.410000000000002,0.0,r_LT,LT+IOO,6174.31385020061
2458976.5598,6.0852271443666585e-15,0.0,14.77,0.0,-15.830000000000002,0.0,g_LT,LT+IOO,4701.884477199233
2458976.5605,1.279313790338047e-14,8.249527045615864e-16,14.57,0.07,-16.03,0.07,u_LT,LT+IOO,3555.672974130721
2458976.6028,3.119788004835962e-15,2.0405685822698315e-16,15.184589020119274,0.0710022616315536,-15.415410979880727,0.0710022616315536,v_swift,Swift+UVOT,5425.378043562354
2458976.6054,3.219574653105146e-14,1.5220182763987227e-15,14.565333549590866,0.051317730129032776,-16.034666450409134,0.051317730129032776,UVM2,Swift+UVOT,2246.179150541018
2458976.6289,2.7466929813339464e-14,1.2174199783452343e-15,14.436598825567916,0.0481145443547727,-16.163401174432085,0.0481145443547727,UVW1,Swift+UVOT,2580.3910534803363
2458976.6304,1.3376350729653306e-14,5.806419046966049e-16,14.576418380648711,0.04712124957656583,-16.02358161935129,0.04712124957656583,u_swift,Swift+UVOT,3467.0320116445123
2458976.6313,6.819696688347197e-15,2.835794387890131e-16,14.815371883186568,0.04513939665895206,-15.784628116813433,0.04513939665895206,b_swift,Swift+UVOT,4349.641314341636
2458976.6321,4.1222372160412475e-14,2.4439499998025562e-15,14.489996967353209,0.06435842500576161,-16.110003032646794,0.06435842500576161,UVW2,Swift+UVOT,2055.1544609708008
2458976.7023,2.85524447449031e-15,5.260502419800947e-17,15.0,0.02,-15.600000000000001,0.02,r_sdss,P60+SEDM,6174.31385020061
2458976.7243,2.9083274325049388e-15,2.67915123082355e-16,14.98,0.1,-15.620000000000001,0.1,r_sdss,P60+SEDM,6174.31385020061
2458976.726,5.7580680593515655e-15,1.5912996888823988e-16,14.83,0.03,-15.770000000000001,0.03,g_sdss,P60+SEDM,4701.884477199233
2458976.7276,1.6441957894743354e-15,6.058532645055031e-17,15.18,0.04,-15.420000000000002,0.04,i_sdss,P60+SEDM,7489.168218070939
2458976.8634,3.045392681655494e-15,2.805415738341041e-17,14.93,0.01,-15.670000000000002,0.01,r_sdss,P60+SEDM,6174.31385020061
2458977.4087,1.0595570046572417e-15,0.0,15.28,0.0,-15.320000000000002,0.0,z_LT,LT+IOO,8909.394468671806
2458977.4094,1.83634184941943e-15,0.0,15.06,0.0,-15.540000000000001,0.0,i_LT,LT+IOO,7489.168218070939
2458977.4102,3.278259283645004e-15,0.0,14.85,0.0,-15.750000000000002,0.0,r_LT,LT+IOO,6174.31385020061
2458977.4109,6.49047966898651e-15,0.0,14.7,0.0,-15.900000000000002,0.0,g_LT,LT+IOO,4701.884477199233
2458977.4116,1.4688487614075282e-14,0.0,14.42,0.0,-16.18,0.0,u_LT,LT+IOO,3555.672974130721
2458977.6545,3.528932080102909e-15,3.2508522321908e-16,14.77,0.1,-15.830000000000002,0.1,r_sdss,P60+SEDM,6174.31385020061
2458977.6562,6.672318882376658e-15,6.146540154445376e-17,14.67,0.01,-15.930000000000001,0.01,g_sdss,P60+SEDM,4701.884477199233
2458977.6578,2.1875275521271077e-15,8.060601524077966e-17,14.87,0.04,-15.730000000000002,0.04,i_sdss,P60+SEDM,7489.168218070939
2458978.4149,1.3462456931098206e-15,0.0,15.02,0.0,-15.580000000000002,0.0,z_LT,LT+IOO,8909.394468671806
2458978.4156,2.2488139761873686e-15,0.0,14.84,0.0,-15.760000000000002,0.0,i_LT,LT+IOO,7489.168218070939
2458978.4164,3.905200171883662e-15,0.0,14.66,0.0,-15.940000000000001,0.0,r_LT,LT+IOO,6174.31385020061
2458978.4171,7.731732033944381e-15,0.0,14.51,0.0,-16.090000000000003,0.0,g_LT,LT+IOO,4701.884477199233
2458978.4178,1.5239723284994028e-14,0.0,14.38,0.0,-16.22,0.0,u_LT,LT+IOO,3555.672974130721
2458978.6599,4.361574547203211e-15,1.2053647418650792e-16,14.54,0.03,-16.060000000000002,0.03,r_sdss,P60+SEDM,6174.31385020061
2458978.692,7.383702085266675e-15,2.0405599082842984e-16,14.52,0.03,-16.080000000000002,0.03,g_p48,P48+ZTF,4789.313527877863
2458978.7099,4.051756147786703e-15,7.464955526682221e-17,14.62,0.02,-15.980000000000002,0.02,r_sdss,P60+SEDM,6174.31385020061
2458978.7478,3.677839507734144e-15,1.3552103018098773e-16,14.64,0.04,-15.96,0.04,r_p48,P48+ZTF,6421.166992940606
2458979.8511,2.269015717640584e-14,1.0620279987096925e-15,14.644030359233469,0.05080945456406338,-15.955969640766533,0.05080945456406338,UVW1,Swift+UVOT,2580.3910534803363
2458979.8524,1.545322615753488e-14,7.301298569792857e-16,14.419714598067557,0.05128932912601472,-16.180285401932444,0.05128932912601472,u_swift,Swift+UVOT,3467.0320116445123
2458979.853,8.746846160978178e-15,4.00713167748021e-16,14.545155811269439,0.04973111499005126,-16.054844188730563,0.04973111499005126,b_swift,Swift+UVOT,4349.641314341636
2458979.8549,2.3223096810248214e-14,1.3968524967739276e-15,15.113029085384827,0.06529448284858162,-15.486970914615174,0.06529448284858162,UVW2,Swift+UVOT,2055.1544609708008
2458979.8568,5.032243899490615e-15,2.9624348147424217e-16,14.665497524841431,0.06390475756285365,-15.93450247515857,0.06390475756285365,v_swift,Swift+UVOT,5425.378043562354
2458979.8594,2.372826754466416e-14,1.1272094445520374e-15,14.896664722355569,0.05156851900714648,-15.703335277644433,0.05156851900714648,UVM2,Swift+UVOT,2246.179150541018
2458979.861,4.321587391400118e-15,3.9810463049577887e-17,14.55,0.01,-16.05,0.01,r_sdss,P60+SEDM,6174.31385020061
2458980.4077,1.6185433170827993e-15,0.0,14.82,0.0,-15.780000000000001,0.0,z_LT,LT+IOO,8909.394468671806
2458980.4085,2.6543215418359852e-15,0.0,14.66,0.0,-15.940000000000001,0.0,i_LT,LT+IOO,7489.168218070939
2458980.4092,4.442662272137198e-15,0.0,14.52,0.0,-16.080000000000002,0.0,r_LT,LT+IOO,6174.31385020061
2458980.4099,7.660847088582833e-15,0.0,14.52,0.0,-16.080000000000002,0.0,g_LT,LT+IOO,4701.884477199233
2458980.4107,1.415719067558702e-14,0.0,14.46,0.0,-16.14,0.0,u_LT,LT+IOO,3555.672974130721
2458980.7172,2.107194647337504e-14,9.713634898971667e-16,14.72436248386942,0.050040678786565256,-15.875637516130581,0.050040678786565256,UVW1,Swift+UVOT,2580.3910534803363
2458980.7189,1.5533471349553993e-14,7.051324725760357e-16,14.414091197575898,0.04927745444552723,-16.185908802424102,0.04927745444552723,u_swift,Swift+UVOT,3467.0320116445123
2458980.7197,8.74933208962098e-15,3.766391679039693e-16,14.544847279576466,0.046730093660590506,-16.055152720423536,0.046730093660590506,b_swift,Swift+UVOT,4349.641314341636
2458980.7223,1.6355048964140463e-14,9.863909265297367e-16,15.493699795288832,0.06547014318308815,-15.10630020471117,0.06547014318308815,UVW2,Swift+UVOT,2055.1544609708008
2458980.7248,5.073414254101869e-15,2.7803716055531676e-16,14.656650918081278,0.05949063308405799,-15.943349081918724,0.05949063308405799,v_swift,Swift+UVOT,5425.378043562354
2458980.7286,1.8626095325471957e-14,8.986156632489461e-16,15.159525245506327,0.05237188839124517,-15.440474754493675,0.05237188839124517,UVM2,Swift+UVOT,2246.179150541018
2458981.6992,7.94829844259565e-15,1.4643945050638223e-16,14.44,0.02,-16.160000000000004,0.02,g_p48,P48+ZTF,4789.313527877863
2458981.7491,4.381196920395656e-15,1.2107875809205437e-16,14.45,0.03,-16.150000000000002,0.03,r_p48,P48+ZTF,6421.166992940606
2458982.254,1.4069661389597902e-14,6.789807107036604e-16,15.16291500613985,0.05238655765375591,-15.437084993860152,0.05238655765375591,UVW1,Swift+UVOT,2580.3910534803363
2458982.2547,1.337282037953257e-14,6.253418681213652e-16,14.57670497113394,0.05076221522243724,-16.02329502886606,0.05076221522243724,u_swift,Swift+UVOT,3467.0320116445123
2458982.2551,7.804395751089858e-15,3.617435673166441e-16,14.66893632236639,0.050316173263442954,-15.931063677633611,0.050316173263442954,b_swift,Swift+UVOT,4349.641314341636
2458982.2563,9.54285229055868e-15,6.215627986387558e-16,16.07863391286543,0.07070544867950436,-14.52136608713457,0.07070544867950436,UVW2,Swift+UVOT,2055.1544609708008
2458982.2573,4.7005939763563195e-15,2.774363097460528e-16,14.73951988067521,0.06407028121159411,-15.86048011932479,0.06407028121159411,v_swift,Swift+UVOT,5425.378043562354
2458982.2589,1.0888426292367915e-14,5.474643131957405e-16,15.74241700975999,0.05458040699726849,-14.857582990240012,0.05458040699726849,UVM2,Swift+UVOT,2246.179150541018
2458982.9132,1.2920144313935639e-14,6.437652810858908e-16,15.255455708401026,0.0540886643373036,-15.344544291598975,0.0540886643373036,UVW1,Swift+UVOT,2580.3910534803363
2458982.9144,1.3256922148483138e-14,6.37043958073038e-16,14.586155734685619,0.05216422577047416,-16.013844265314383,0.05216422577047416,u_swift,Swift+UVOT,3467.0320116445123
2458982.915,8.382169147540024e-15,3.9811989514884826e-16,14.591393480863458,0.05155888671937445,-16.008606519136542,0.05155888671937445,b_swift,Swift+UVOT,4349.641314341636
2458982.9167,9.494525452669427e-15,6.273364676832666e-16,16.084146259258286,0.07172545994376038,-14.515853740741715,0.07172545994376038,UVW2,Swift+UVOT,2055.1544609708008
2458982.9185,4.7470177358005755e-15,2.9236071710501523e-16,14.728849594129215,0.0668565920115693,-15.871150405870786,0.0668565920115693,v_swift,Swift+UVOT,5425.378043562354
2458982.9208,9.624278193431986e-15,4.971043179254448e-16,15.87640937879543,0.056069339259448146,-14.723590621204572,0.056069339259448146,UVM2,Swift+UVOT,2246.179150541018
2458983.3908,1.603704422758343e-15,0.0,14.83,0.0,-15.770000000000001,0.0,z_LT,LT+IOO,8909.394468671806
2458983.3916,2.5819839108323456e-15,0.0,14.69,0.0,-15.910000000000002,0.0,i_LT,LT+IOO,7489.168218070939
2458983.3923,4.4837697200184995e-15,0.0,14.51,0.0,-16.090000000000003,0.0,r_LT,LT+IOO,6174.31385020061
2458983.393,7.248978202758004e-15,0.0,14.58,0.0,-16.020000000000003,0.0,g_LT,LT+IOO,4701.884477199233
2458984.8094,4.321587391400118e-15,7.962092609915577e-17,14.55,0.02,-16.05,0.02,r_sdss,P60+SEDM,6174.31385020061
2458985.1663,8.287318332268692e-15,4.45486919110654e-16,15.737589066764519,0.05835351288876542,-14.862410933235482,0.05835351288876542,UVW1,Swift+UVOT,2580.3910534803363
2458985.1673,1.0728819785815587e-14,5.426214903722684e-16,14.815882623356039,0.05490237226150982,-15.784117376643962,0.05490237226150982,u_swift,Swift+UVOT,3467.0320116445123
2458985.1679,7.954754755046461e-15,3.9104519259892887e-16,14.64821754464175,0.053363736000286134,-15.951782455358252,0.053363736000286134,b_swift,Swift+UVOT,4349.641314341636
2458985.1694,5.983127125542252e-15,4.3069546194120097e-16,16.585508840591896,0.07814265016037554,-14.014491159408106,0.07814265016037554,UVW2,Swift+UVOT,2055.1544609708008
2458985.1709,4.0305548461126645e-15,2.83890723515971e-16,14.90648964188968,0.07645967314284279,-15.693510358110322,0.07645967314284279,v_swift,Swift+UVOT,5425.378043562354
2458985.1731,5.089825377605365e-15,2.966467860088863e-16,16.568072591796422,0.0632678148954111,-14.031927408203579,0.0632678148954111,UVM2,Swift+UVOT,2246.179150541018
2458986.1626,6.791724616542685e-15,4.149479010719743e-16,15.953673949214915,0.06632229935780139,-14.646326050785087,0.06632229935780139,UVW1,Swift+UVOT,2580.3910534803363
2458986.1633,1.0327448146790996e-14,5.584928075200775e-16,14.85727994165435,0.05870439708989486,-15.742720058345652,0.05870439708989486,u_swift,Swift+UVOT,3467.0320116445123
2458986.1636,7.451313571369077e-15,4.0143886782380687e-16,14.719202431722753,0.05848340496653497,-15.880797568277249,0.05848340496653497,b_swift,Swift+UVOT,4349.641314341636
2458986.1647,4.481818051387705e-15,3.585108303950781e-16,16.899193863249195,0.08683486415359094,-13.700806136750806,0.08683486415359094,UVW2,Swift+UVOT,2055.1544609708008
2458986.1657,3.979134672949036e-15,3.199605254710011e-16,14.920430134964747,0.08728785756040097,-15.679569865035255,0.08728785756040097,v_swift,Swift+UVOT,5425.378043562354
2458986.1669,3.868662136493893e-15,2.7073982649202624e-16,16.865927791313243,0.07596917567704652,-13.734072208686758,0.07596917567704652,UVM2,Swift+UVOT,2246.179150541018
2458986.692,6.7340163363380544e-15,1.2406751698069231e-16,14.62,0.02,-15.980000000000002,0.02,g_p48,P48+ZTF,4789.313527877863
2458986.7555,3.995699080753529e-15,1.1042513979570451e-16,14.55,0.03,-16.05,0.03,r_p48,P48+ZTF,6421.166992940606
2458989.3812,1.5890015722347772e-15,0.0,14.84,0.0,-15.760000000000002,0.0,z_LT,LT+IOO,8909.394468671806
2458989.3819,2.4431691264781423e-15,0.0,14.75,0.0,-15.850000000000001,0.0,i_LT,LT+IOO,7489.168218070939
2458989.3827,4.361574547203211e-15,0.0,14.54,0.0,-16.060000000000002,0.0,r_LT,LT+IOO,6174.31385020061
2458992.6932,6.085190318369207e-15,1.1211354642563427e-16,14.73,0.02,-15.870000000000001,0.02,g_p48,P48+ZTF,4789.313527877863
2458992.7342,4.184010576877769e-15,7.708621086839601e-17,14.5,0.02,-16.1,0.02,r_p48,P48+ZTF,6421.166992940606
2458994.4055,9.989051089486545e-16,1.1450274771281407e-16,18.034813534060305,0.12443362262422045,-12.565186465939696,0.12443362262422045,UVW1,Swift+UVOT,2580.3910534803363
2458994.4066,2.709526017412863e-15,1.827734921874571e-16,16.31002918552547,0.07322610853534438,-14.289970814474533,0.07322610853534438,u_swift,Swift+UVOT,3467.0320116445123
2458994.4072,5.418512394259406e-15,2.823819877878754e-16,15.065084354119477,0.056572189916275585,-15.534915645880524,0.056572189916275585,b_swift,Swift+UVOT,4349.641314341636
2458994.4089,2.543541005010144e-16,9.08357524646792e-17,20.01423255848661,0.3876717417440252,-10.58576744151339,0.3876717417440252,UVW2,Swift+UVOT,2055.1544609708008
2458994.4107,4.3414468998258875e-15,2.797818334147817e-16,14.825815496104509,0.06995698579376569,-15.774184503895492,0.06995698579376569,v_swift,Swift+UVOT,5425.378043562354
2458994.4131,2.398605849924165e-16,6.953080179891184e-17,19.884932577346717,0.31467657869388443,-10.715067422653284,0.31467657869388443,UVM2,Swift+UVOT,2246.179150541018
2458994.8319,4.567129222828634e-15,7.993754936132503e-16,14.49,0.19,-16.11,0.19,r_sdss,P60+SEDM,6174.31385020061
2458995.7014,5.498879028694394e-15,1.0131134722466552e-16,14.84,0.02,-15.760000000000002,0.02,g_p48,P48+ZTF,4789.313527877863
2458995.7294,3.995699080753529e-15,7.361675986380301e-17,14.55,0.02,-16.05,0.02,r_p48,P48+ZTF,6421.166992940606
2458996.0526,7.368869831045608e-16,1.0252257223029564e-16,18.365121907686945,0.15103050677242869,-12.234878092313057,0.15103050677242869,UVW1,Swift+UVOT,2580.3910534803363
2458996.0537,1.919659256964666e-15,1.474689729849306e-16,16.684202130708282,0.0833916523046422,-13.915797869291719,0.0833916523046422,u_swift,Swift+UVOT,3467.0320116445123
2458996.0543,4.999093055187367e-15,2.6727235198219207e-16,15.152556479472835,0.058037525191534656,-15.447443520527166,0.058037525191534656,b_swift,Swift+UVOT,4349.641314341636
2458996.056,3.1716173591924664e-16,9.63870976860744e-17,19.774627451432025,0.32990142230053043,-10.825372548567977,0.32990142230053043,UVW2,Swift+UVOT,2055.1544609708008
2458996.0577,4.208377745190891e-15,2.8064514794315614e-16,14.859614941727884,0.07239171968678261,-15.740385058272118,0.07239171968678261,v_swift,Swift+UVOT,5425.378043562354
2458996.0602,1.613190556983598e-16,6.583450896348594e-17,20.31561562083521,0.44301048007063804,-10.284384379164791,0.44301048007063804,UVM2,Swift+UVOT,2246.179150541018
2458998.6927,5.015037278476214e-15,1.3859557022796866e-16,14.94,0.03,-15.660000000000002,0.03,g_p48,P48+ZTF,4789.313527877863
2458998.7251,3.959066291389266e-15,1.0941275602883376e-16,14.56,0.03,-16.04,0.03,r_p48,P48+ZTF,6421.166992940606
2459003.2559,3.667083607436671e-16,6.74387500320792e-17,19.12282209059085,0.19963412061809155,-11.47717790940915,0.19963412061809155,UVW1,Swift+UVOT,2580.3910534803363
2459003.2572,9.848428942386947e-16,8.379455009737137e-17,17.408845109979566,0.09236233175470447,-13.191154890020435,0.09236233175470447,u_swift,Swift+UVOT,3467.0320116445123
2459003.2578,3.3896095055525986e-15,1.756039903650922e-16,15.574410359646267,0.056238118465799236,-15.025589640353735,0.056238118465799236,b_swift,Swift+UVOT,4349.641314341636
2459003.2597,7.017408342076747e-17,6.787970040605981e-17,21.412387544940934,1.050048209560989,-9.187612455059067,1.050048209560989,UVW2,Swift+UVOT,2055.1544609708008
2459003.2616,3.829194799359185e-15,2.153063410990259e-16,14.962133078953103,0.061037316401681564,-15.637866921046898,0.061037316401681564,v_swift,Swift+UVOT,5425.378043562354
2459003.2644,4.128051345484891e-17,4.970875403183881e-17,21.795467072473066,1.3071753745782084,-8.804532927526935,1.3071753745782084,UVM2,Swift+UVOT,2246.179150541018
2459005.6867,4.209923126183896e-15,1.1634543551521816e-16,15.13,0.03,-15.47,0.03,g_p48,P48+ZTF,4789.313527877863
2459007.6035,2.7048409222360844e-16,5.899982426508864e-17,19.453269799045593,0.23678547621779555,-11.146730200954408,0.23678547621779555,UVW1,Swift+UVOT,2580.3910534803363
2459007.6047,6.523810940739357e-16,6.594973477081317e-17,17.856009082532413,0.1097381810290324,-12.743990917467588,0.1097381810290324,u_swift,Swift+UVOT,3467.0320116445123
2459007.6054,2.9666391497295053e-15,1.5533148328798503e-16,15.719122722726395,0.05683826813291339,-14.880877277273607,0.05683826813291339,b_swift,Swift+UVOT,4349.641314341636
2459007.6073,9.497497528194912e-17,6.581914433559707e-17,21.083806443954675,0.7522966251899276,-9.516193556045327,0.7522966251899276,UVW2,Swift+UVOT,2055.1544609708008
2459007.6091,3.5181737831049307e-15,1.9528955969925829e-16,15.054108509992293,0.06025704206968949,-15.545891490007708,0.06025704206968949,v_swift,Swift+UVOT,5425.378043562354
2459007.6118,3.808258980855162e-17,4.8891022205081194e-17,21.883013611357264,1.3936339363397663,-8.716986388642738,1.3936339363397663,UVM2,Swift+UVOT,2246.179150541018
2459009.7314,4.057646096241799e-15,7.47580716771589e-17,15.17,0.02,-15.430000000000001,0.02,g_p48,P48+ZTF,4789.313527877863
2459012.7059,4.916355734527288e-16,9.057893805293074e-18,16.91,0.02,-13.690000000000001,0.02,r_sdss,P60+SEDM,6174.31385020061
2459012.7343,2.6543215418359852e-15,7.335483013017929e-17,14.66,0.03,-15.940000000000001,0.03,i_sdss,P60+SEDM,7489.168218070939
2459013.5837,1.714026847717066e-16,5.761743331408092e-17,19.948580069380643,0.3649071376478152,-10.651419930619358,0.3649071376478152,UVW1,Swift+UVOT,2580.3910534803363
2459013.5849,4.3349798484661276e-16,5.836992693607823e-17,18.299794792001215,0.14616659748705707,-12.300205207998786,0.14616659748705707,u_swift,Swift+UVOT,3467.0320116445123
2459013.5854,2.5465131068036357e-15,1.4276870828434666e-16,15.884919742348774,0.06086017335884025,-14.715080257651227,0.06086017335884025,b_swift,Swift+UVOT,4349.641314341636
2459013.5869,2.024222073647011e-17,6.449142536062488e-17,22.762184025891653,3.4585168021752497,-7.837815974108349,3.4585168021752497,UVW2,Swift+UVOT,2055.1544609708008
2459013.5886,3.2431753884065945e-15,1.9036184979089463e-16,15.142475640917683,0.06371703399977388,-15.457524359082319,0.06371703399977388,v_swift,Swift+UVOT,5425.378043562354
2459013.5906,1.5883233088940418e-17,4.908356010559392e-17,22.832482525483357,3.354619110003491,-7.767517474516644,3.354619110003491,UVM2,Swift+UVOT,2246.179150541018
2459014.6998,3.6666897594202484e-15,6.755509212755865e-17,15.28,0.02,-15.320000000000002,0.02,g_p48,P48+ZTF,4789.313527877863
2459017.7352,3.5448084617850644e-15,9.796432664989205e-17,14.68,0.03,-15.920000000000002,0.03,r_p48,P48+ZTF,6421.166992940606
2459017.7828,3.695245525208411e-15,6.808120355643976e-17,14.72,0.02,-15.88,0.02,r_sdss,P60+SEDM,6174.31385020061
2459017.8072,3.695245525208411e-15,1.7020300889109942e-16,14.72,0.05,-15.88,0.05,r_sdss,P60+SEDM,6174.31385020061
2459017.8092,3.313422323256348e-15,6.104649288367495e-17,15.43,0.02,-15.170000000000002,0.02,g_sdss,P60+SEDM,4701.884477199233
2459017.8112,2.48859103179032e-15,9.169960233940971e-17,14.73,0.04,-15.870000000000001,0.04,i_sdss,P60+SEDM,7489.168218070939
2459018.4928,2.538978481480474e-16,8.864682027900529e-17,19.521976569627764,0.37900960211512613,-11.078023430372237,0.37900960211512613,UVW1,Swift+UVOT,2580.3910534803363
2459018.4937,2.5471010255341864e-16,7.998800063136352e-17,18.87714707264245,0.3408982261213712,-11.72285292735755,0.3408982261213712,u_swift,Swift+UVOT,3467.0320116445123
2459018.4941,2.2276775289522125e-15,1.7791864215350935e-16,16.030153721749507,0.08669922235391443,-14.569846278250495,0.08669922235391443,b_swift,Swift+UVOT,4349.641314341636
2459018.4968,3.4588582446880886e-15,2.7164058221312083e-16,15.072569821028054,0.0852526641820386,-15.527430178971947,0.0852526641820386,v_swift,Swift+UVOT,5425.378043562354
2459018.4985,6.56792884250319e-17,6.825804527737019e-17,21.29125870131332,1.1281620302030224,-9.30874129868668,1.1281620302030224,UVM2,Swift+UVOT,2246.179150541018
2459020.6977,3.3440608051465857e-15,9.241646441103105e-17,15.38,0.03,-15.22,0.03,g_p48,P48+ZTF,4789.313527877863
2459020.7363,3.448202590022512e-15,1.2705936903714951e-16,14.71,0.04,-15.89,0.04,r_p48,P48+ZTF,6421.166992940606
2459023.7143,3.16427460369652e-15,5.829859529850468e-17,15.44,0.02,-15.160000000000002,0.02,g_p48,P48+ZTF,4789.313527877863
2459033.6761,2.68901220688385e-15,4.9542360899628045e-17,14.98,0.02,-15.620000000000001,0.02,r_p48,P48+ZTF,6421.166992940606
2459033.6979,2.1294829423610744e-15,3.9233593730060436e-17,15.87,0.02,-14.730000000000002,0.02,g_p48,P48+ZTF,4789.313527877863
2459037.7121,1.4732422515689754e-15,5.42860304858136e-17,16.27,0.04,-14.330000000000002,0.04,g_p48,P48+ZTF,4789.313527877863
2459048.912,7.192286691788323e-18,5.809539776424145e-17,23.885661940735762,8.768409214392124,-6.714338059264239,8.768409214392124,UVW2,Swift+UVOT,2055.1544609708008
2459059.8243,4.378438952902601e-17,4.6402254884571506e-17,21.430325872786163,1.1504449899681792,-9.169674127213838,1.1504449899681792,UVW1,Swift+UVOT,2580.3910534803363
2459059.8266,1.624606171719624e-17,5.678282666374837e-17,21.37291428502646,3.794154223643959,-9.22708571497354,3.794154223643959,b_swift,Swift+UVOT,4349.641314341636
2459059.8284,9.826674647805287e-18,5.8696395725958e-17,23.54681297395534,6.484118267062825,-7.053187026044661,6.484118267062825,UVW2,Swift+UVOT,2055.1544609708008
2459059.8334,2.5427855589192552e-17,4.456270103325917e-17,22.321555457936803,1.9024262983070985,-8.278444542063198,1.9024262983070985,UVM2,Swift+UVOT,2246.179150541018
2459064.9035,1.6954210617883975e-17,4.5345704520881985e-17,22.46043018498313,2.903385145260326,-8.13956981501687,2.903385145260326,UVW1,Swift+UVOT,2580.3910534803363
2459064.9168,2.9263252941147294e-17,4.5317178409908855e-17,22.169023295671163,1.6810720634823382,-8.430976704328838,1.6810720634823382,UVM2,Swift+UVOT,2246.179150541018
