2.458998133400000166e+06
2.458998186400000006e+06
2.458999069300000090e+06
2.458999115300000180e+06
2.459000664600000251e+06
2.459000731300000101e+06
2.459000775200000033e+06
2.459000799099999946e+06
2.459000857800000347e+06
2.459001988499999978e+06
2.459002061400000006e+06
2.459002324500000104e+06
2.459002387000000104e+06
2.459003099900000263e+06
2.459006155600000173e+06
2.459006438100000378e+06
2.459006687700000126e+06
2.459006833500000183e+06
2.459008230500000063e+06
2.459008300199999940e+06
2.459008424200000241e+06
2.459008890300000086e+06
2.459008941500000190e+06
2.459011407899999991e+06
2.459011464700000361e+06
2.459012529800000135e+06
2.459013456500000320e+06
2.459022761900000274e+06
2.459022832900000270e+06
2.459023289499999955e+06
2.459026351500000339e+06
2.459028478800000157e+06
