jd,flux,fluxerr,AB_MAG,AB_MAG_ERR,absmag,absmagerr,filter,instrument,piv_wl
2459293.7353,1.3854561146165686e-16,7.657693036708699e-18,18.2,0.06,-12.530000000000001,0.06,r_p48,P48+ZTF,6421.166992940606
2459293.7943,3.734858611611679e-16,1.7202758765083394e-17,17.76,0.05,-12.969999999999999,0.05,g_p48,P48+ZTF,4789.313527877863
2459294.3736,2.1060462678377416e-15,1.1311886353107114e-16,17.224954349967604,0.05830599297635433,-13.505045650032397,0.05830599297635433,UVW1,Swift+UVOT,2580.3910534803363
2459294.375,1.1887065177680423e-15,6.679230740353174e-17,17.204575889447963,0.06099551093414507,-13.525424110552038,0.06099551093414507,u_swift,Swift+UVOT,3467.0320116445123
2459294.376,4.985029631482212e-16,5.372774243971945e-17,17.65561517152966,0.11699759085549101,-13.07438482847034,0.11699759085549101,b_swift,Swift+UVOT,4349.641314341636
2459294.3784,3.075528811826648e-15,1.8781462355997982e-16,17.30802991722936,0.06629116860075523,-13.421970082770642,0.06629116860075523,UVW2,Swift+UVOT,2055.1544609708008
2459294.3808,1.323488446121952e-16,6.371715457719255e-17,18.615601344156495,0.5226155042221223,-12.114398655843505,0.5226155042221223,v_swift,Swift+UVOT,5425.378043562354
2459294.3827,2.716602580656745e-15,1.3510202618063156e-16,17.249764526403343,0.053986083757709274,-13.480235473596657,0.053986083757709274,UVM2,Swift+UVOT,2246.179150541018
2459294.9353,1.4415679234083046e-15,8.368099219630701e-17,17.636536344506023,0.06301410633305367,-13.093463655493977,0.06301410633305367,UVW1,Swift+UVOT,2580.3910534803363
2459294.9367,1.011895302978929e-15,5.924389370179796e-17,17.379423549395895,0.06355563829553695,-13.350576450604105,0.06355563829553695,u_swift,Swift+UVOT,3467.0320116445123
2459294.9377,4.813259896453844e-16,5.372440302524855e-17,17.693686250771098,0.1211653264259568,-13.036313749228903,0.1211653264259568,b_swift,Swift+UVOT,4349.641314341636
2459294.9401,1.8081145023476415e-15,1.1862525682715167e-16,17.88476459307903,0.07121923540317103,-12.84523540692097,0.07121923540317103,UVW2,Swift+UVOT,2055.1544609708008
2459294.9424,1.451366750897506e-16,6.527099798545569e-17,18.515458805747375,0.4881903090373255,-12.214541194252625,0.4881903090373255,v_swift,Swift+UVOT,5425.378043562354
2459294.9444,1.7344660164915686e-15,9.048196161634355e-17,17.736915310945932,0.05662944208624123,-12.993084689054069,0.05662944208624123,UVM2,Swift+UVOT,2246.179150541018
2459296.0049,6.173597709279591e-16,4.866815020429153e-17,18.5572783047061,0.08557611853491379,-12.172721695293902,0.08557611853491379,UVW1,Swift+UVOT,2580.3910534803363
2459296.0063,6.202249783518648e-16,4.3977296096729794e-17,17.91088936786082,0.07697068325707815,-12.819110632139182,0.07697068325707815,u_swift,Swift+UVOT,3467.0320116445123
2459296.0073,3.1046129849895964e-16,4.9099334851295105e-17,18.169765857930265,0.1716778279076833,-12.560234142069735,0.1716778279076833,b_swift,Swift+UVOT,4349.641314341636
2459296.0097,5.575127745085975e-16,4.8276622280855916e-17,19.162192359464967,0.09400005860886879,-11.567807640535033,0.09400005860886879,UVW2,Swift+UVOT,2055.1544609708008
2459296.012,1.8992871152966472e-16,6.576718247130597e-17,18.223425174930725,0.3758933870177773,-12.506574825069276,0.3758933870177773,v_swift,Swift+UVOT,5425.378043562354
2459296.014,6.169850025535009e-16,4.62300700270887e-17,18.85914327997356,0.08133847291492839,-11.870856720026442,0.08133847291492839,UVM2,Swift+UVOT,2246.179150541018
2459296.8542,2.6562819161627603e-16,1.9575735209353077e-17,18.13,0.08,-12.600000000000001,0.08,g_p48,P48+ZTF,4789.313527877863
2459296.8591,1.793051542048204e-16,8.258795402674028e-18,17.92,0.05,-12.809999999999999,0.05,r_p48,P48+ZTF,6421.166992940606
2459297.0946,1.9559359005365202e-16,3.091239880776587e-17,19.805237574722494,0.1715632087731297,-10.924762425277507,0.1715632087731297,UVW1,Swift+UVOT,2580.3910534803363
2459297.0952,2.522089562238822e-16,3.607386878971923e-17,18.887861237411773,0.1552666873073163,-11.842138762588228,0.1552666873073163,u_swift,Swift+UVOT,3467.0320116445123
2459297.0955,1.361428871796552e-16,4.930266748968244e-17,19.06479714078261,0.39311673432627053,-11.665202859217391,0.39311673432627053,b_swift,Swift+UVOT,4349.641314341636
2459297.0963,1.372020556575104e-16,2.896513439029339e-17,20.68442787113879,0.2291717073173437,-10.04557212886121,0.2291717073173437,UVW2,Swift+UVOT,2055.1544609708008
2459297.0972,3.126396418587844e-17,6.695060432785087e-17,20.182291618615523,2.3246443959565934,-10.547708381384478,2.3246443959565934,v_swift,Swift+UVOT,5425.378043562354
2459297.0984,1.342511720732484e-16,2.1598414465961515e-17,20.515034583760748,0.1746424662032386,-10.214965416239252,0.1746424662032386,UVM2,Swift+UVOT,2246.179150541018
2459297.7241,1.1693742645660568e-16,5.386137862591258e-18,18.05,0.05,-12.68,0.05,i_sdss,P60+SEDM,7489.168218070939
2459298.7784,5.862987763583063e-17,2.7554995423461205e-17,21.113326650481316,0.5101846950668784,-9.616673349518685,0.5101846950668784,UVW1,Swift+UVOT,2580.3910534803363
2459298.7798,1.5496206384637046e-16,3.29402847223248e-17,19.41669901976325,0.23075335684318232,-11.31330098023675,0.23075335684318232,u_swift,Swift+UVOT,3467.0320116445123
2459298.7808,1.197380404355023e-16,5.016906289583565e-17,19.204204165755648,0.4548308490776338,-11.525795834244352,0.4548308490776338,b_swift,Swift+UVOT,4349.641314341636
2459298.7832,3.585782125493008e-17,2.5355799372378682e-17,22.14136967193391,0.7676079773131611,-8.588630328066092,0.7676079773131611,UVW2,Swift+UVOT,2055.1544609708008
2459298.7856,5.926878524671112e-17,6.964786369426074e-17,19.487836664520845,1.2756391644309166,-11.242163335479155,1.2756391644309166,v_swift,Swift+UVOT,5425.378043562354
2459298.7904,5.847715176008069e-17,1.761665572786356e-17,21.417364270363958,0.3270267863508383,-9.312635729636042,0.3270267863508383,UVM2,Swift+UVOT,2246.179150541018
2459298.8947,2.229842381533698e-16,2.054130801868843e-17,18.32,0.1,-12.41,0.1,g_p48,P48+ZTF,4789.313527877863
2459302.7555,3.031047719224356e-16,1.6753206953696862e-17,17.35,0.06,-13.379999999999999,0.06,r_p48,P48+ZTF,6421.166992940606
2459302.8542,3.9470639751886454e-16,2.5452247337606467e-17,17.7,0.07,-13.030000000000001,0.07,g_p48,P48+ZTF,4789.313527877863
2459303.1599,1.0699326945246412e-16,2.8537844903694724e-17,20.460232973201347,0.2895414769143254,-10.269767026798654,0.2895414769143254,UVW1,Swift+UVOT,2580.3910534803363
2459303.1616,3.1410318077467786e-16,4.238931855283429e-17,18.649581663613496,0.1464974857905465,-12.080418336386504,0.1464974857905465,u_swift,Swift+UVOT,3467.0320116445123
2459303.1624,3.0731682572064057e-16,5.807473574676849e-17,18.180818685120407,0.2051384049479454,-12.549181314879593,0.2051384049479454,b_swift,Swift+UVOT,4349.641314341636
2459303.165,4.101259812105128e-17,2.4673043109160085e-17,21.995536210879308,0.6530576268834728,-8.734463789120692,0.6530576268834728,UVW2,Swift+UVOT,2055.1544609708008
2459303.1675,1.0868459040634221e-16,7.363840642506945e-17,18.829481797431484,0.7354996650150145,-11.900518202568517,0.7354996650150145,v_swift,Swift+UVOT,5425.378043562354
2459303.1711,2.0908952638914388e-17,1.6366893470714634e-17,22.533999101461188,0.8497282313642437,-8.196000898538813,0.8497282313642437,UVM2,Swift+UVOT,2246.179150541018
2459303.6385,1.104446968166304e-16,2.988278759133803e-17,20.42576195158272,0.2937124197287218,-10.304238048417279,0.2937124197287218,UVW1,Swift+UVOT,2580.3910534803363
2459303.64,2.615008676533913e-16,4.123401834788615e-17,18.848579663943582,0.17117037273037433,-11.881420336056419,0.17117037273037433,u_swift,Swift+UVOT,3467.0320116445123
2459303.6408,2.96416730886782e-16,5.993811294484418e-17,18.220027748810136,0.2195060138728099,-12.509972251189865,0.2195060138728099,b_swift,Swift+UVOT,4349.641314341636
2459303.643,3.514100334912656e-17,2.5132943796818464e-17,22.163294023569755,0.776381670103881,-8.566705976430246,0.776381670103881,UVW2,Swift+UVOT,2055.1544609708008
2459303.6452,3.451222550586192e-16,8.540935982139534e-17,17.574969316245202,0.26864488244500667,-13.155030683754799,0.26864488244500667,v_swift,Swift+UVOT,5425.378043562354
2459303.6485,1.2883253970664729e-17,1.6145984350049987e-17,23.05976587812904,1.3604576581532692,-7.670234121870962,1.3604576581532692,UVM2,Swift+UVOT,2246.179150541018
2459304.7579,4.408330690526861e-16,2.8426679624793416e-17,17.58,0.07,-13.150000000000002,0.07,g_p48,P48+ZTF,4789.313527877863
2459304.8023,3.6107113714756205e-16,1.3304749261613366e-17,17.16,0.04,-13.57,0.04,r_p48,P48+ZTF,6421.166992940606
2459306.7427,3.977803263708164e-16,1.0993057099583882e-17,17.14,0.03,-13.59,0.03,r_sdss,P60+SEDM,6174.31385020061
2459306.7688,4.2489027783667867e-16,1.5656356957725937e-17,17.66,0.04,-13.07,0.04,g_sdss,P60+SEDM,4701.884477199233
2459306.7704,3.8339222358280828e-16,1.412723665457932e-17,17.18,0.04,-13.55,0.04,r_sdss,P60+SEDM,6174.31385020061
2459306.7721,3.4037176892989586e-16,9.406514206146602e-18,16.89,0.03,-13.84,0.03,i_sdss,P60+SEDM,7489.168218070939
2459307.7534,3.815862998092306e-16,1.406069197537053e-17,17.1,0.04,-13.629999999999999,0.04,r_p48,P48+ZTF,6421.166992940606
2459307.8116,4.288191440700791e-16,1.5801127820694274e-17,17.61,0.04,-13.120000000000001,0.04,g_p48,P48+ZTF,4789.313527877863
2459309.2112,3.9293854017061676e-17,2.3829985517993958e-17,21.547812551591928,0.6583323882492402,-9.182187448408072,0.6583323882492402,UVW1,Swift+UVOT,2580.3910534803363
2459309.2129,1.9219626331605682e-16,3.5663521641260604e-17,19.182900149774042,0.20143055845487118,-11.547099850225958,0.20143055845487118,u_swift,Swift+UVOT,3467.0320116445123
2459309.2138,2.3561925866804525e-16,5.518626691965646e-17,18.469257568811035,0.2542531268421974,-12.260742431188966,0.2542531268421974,b_swift,Swift+UVOT,4349.641314341636
2459309.2163,8.162864584287473e-18,2.2390299036641476e-17,23.74822293708904,2.977579547221755,-6.981777062910961,2.977579547221755,UVW2,Swift+UVOT,2055.1544609708008
2459309.2189,2.7913632190697717e-16,7.959635489632624e-17,17.80536085087051,0.30954436240853656,-12.92463914912949,0.30954436240853656,v_swift,Swift+UVOT,5425.378043562354
2459309.2225,1.4513193721269207e-17,1.6144550621498612e-17,22.93042231810258,1.2075608919964809,-7.799577681897421,1.2075608919964809,UVM2,Swift+UVOT,2246.179150541018
2459309.7701,3.677839507734144e-16,1.016407726357408e-17,17.14,0.03,-13.59,0.03,r_p48,P48+ZTF,6421.166992940606
2459309.811,3.469558109562831e-16,1.5980784652646403e-17,17.84,0.05,-12.89,0.05,g_p48,P48+ZTF,4789.313527877863
2459311.7339,2.6319289771750267e-16,1.9396263790189076e-17,18.14,0.08,-12.59,0.08,g_p48,P48+ZTF,4789.313527877863
2459311.8089,3.173896597304387e-16,1.1695174181747206e-17,17.3,0.04,-13.43,0.04,r_p48,P48+ZTF,6421.166992940606
2459313.7551,1.8547021082290368e-16,1.1959861074704123e-17,18.52,0.07,-12.21,0.07,g_p48,P48+ZTF,4789.313527877863
2459313.7955,2.7643483745376373e-16,1.2732588613120358e-17,17.45,0.05,-13.280000000000001,0.05,r_p48,P48+ZTF,6421.166992940606
2459313.7986,3.0548821446725197e-17,2.9383699724102525e-17,21.821137969675718,1.0441384477428164,-8.908862030324283,1.0441384477428164,UVW1,Swift+UVOT,2580.3910534803363
2459313.7994,4.832186957197036e-17,3.4583992755550364e-17,20.681903177450618,0.7769220965945854,-10.048096822549383,0.7769220965945854,u_swift,Swift+UVOT,3467.0320116445123
2459313.7998,3.242197814483846e-19,5.650529978667354e-17,25.622685760140126,189.18894064829473,-5.107314239859875,189.18894064829473,b_swift,Swift+UVOT,4349.641314341636
2459313.8023,8.816324961376822e-19,8.279135207378055e-17,24.05668275624504,101.9397246970793,-6.673317243754962,101.9397246970793,v_swift,Swift+UVOT,5425.378043562354
2459313.804,7.12882394028512e-18,1.8652100949545163e-17,23.702285075881612,2.8402458822179484,-7.0277149241183885,2.8402458822179484,UVM2,Swift+UVOT,2246.179150541018
2459315.753,2.68901220688385e-16,6.688218721449788e-17,17.48,0.27,-13.25,0.27,r_p48,P48+ZTF,6421.166992940606
2459316.9046,2.310166595461852e-16,1.2768752806436749e-17,17.73,0.06,-13.0,0.06,r_sdss,P60+SEDM,6174.31385020061
2459317.7078,1.930157611260233e-16,8.890305957464634e-18,17.84,0.05,-12.89,0.05,r_p48,P48+ZTF,6421.166992940606
2459318.3638,3.649460236010074e-19,2.1364791488384728e-17,26.628052529940938,63.55007879146964,-4.101947470059063,63.55007879146964,UVW1,Swift+UVOT,2580.3910534803363
2459318.3655,4.100104843884325e-17,2.7186779027917532e-17,20.860275093861404,0.719795066723829,-9.869724906138597,0.719795066723829,u_swift,Swift+UVOT,3467.0320116445123
2459318.3712999998,4.519245467373536e-17,6.893149151385161e-17,19.782236902172514,1.6557616341750354,-10.947763097827487,1.6557616341750354,v_swift,Swift+UVOT,5425.378043562354
2459321.7532,7.660800727398858e-17,7.762842593087812e-18,19.48,0.11,-11.25,0.11,g_p48,P48+ZTF,4789.313527877863
2459321.7908,1.477722117984765e-16,6.8063880754378284e-18,18.13,0.05,-12.600000000000001,0.05,r_p48,P48+ZTF,6421.166992940606
2459323.7802,7.660800727398858e-17,9.174268519103777e-18,19.48,0.13,-11.25,0.13,g_p48,P48+ZTF,4789.313527877863
2459323.8174,1.335342814224736e-16,7.380706802782961e-18,18.24,0.06,-12.490000000000002,0.06,r_p48,P48+ZTF,6421.166992940606
2459325.7554,1.1630349712992353e-16,8.571102524486843e-18,18.39,0.08,-12.34,0.08,r_p48,P48+ZTF,6421.166992940606
2459335.7072,8.12068704036088e-17,8.228854591738487e-18,18.78,0.11,-11.95,0.11,r_p48,P48+ZTF,6421.166992940606
2459335.7543,4.8336384835515245e-17,1.0241319873409628e-17,19.98,0.23,-10.75,0.23,g_p48,P48+ZTF,4789.313527877863
2459338.7338,7.007978708960687e-17,5.164599989355668e-18,18.94,0.08,-11.79,0.08,r_p48,P48+ZTF,6421.166992940606
2459338.8107,4.449120472194635e-17,8.606912535869965e-18,20.07,0.21,-10.66,0.21,g_p48,P48+ZTF,4789.313527877863
2459340.732,6.103694294692197e-17,6.184995502697497e-18,19.09,0.11,-11.64,0.11,r_p48,P48+ZTF,6421.166992940606
2459342.7345,4.0576460962417984e-17,7.47580716771589e-18,20.17,0.2,-10.559999999999999,0.2,g_p48,P48+ZTF,4789.313527877863
2459342.7764,5.61814279966169e-17,4.657889832343514e-18,19.18,0.09,-11.55,0.09,r_p48,P48+ZTF,6421.166992940606
2459344.726,5.3652847208866334e-17,3.954000227904613e-18,19.23,0.08,-11.5,0.08,r_p48,P48+ZTF,6421.166992940606
2459344.7558,3.566762283927471e-17,7.885683398289566e-18,20.31,0.24,-10.420000000000002,0.24,g_p48,P48+ZTF,4789.313527877863
2459346.8127,4.759844596429994e-17,4.823245726454442e-18,19.36,0.11,-11.370000000000001,0.11,r_p48,P48+ZTF,6421.166992940606
2459348.6934,4.462649452484225e-17,5.344290478317009e-18,19.43,0.13,-11.3,0.13,r_p48,P48+ZTF,6421.166992940606
2459350.7077,3.313402271403056e-17,7.630765431041237e-18,20.39,0.25,-10.34,0.25,g_p48,P48+ZTF,4789.313527877863
2459353.6922,3.9590662913892986e-17,4.376510241153386e-18,19.56,0.12,-11.170000000000002,0.12,r_p48,P48+ZTF,6421.166992940606
2459359.6916,2.9757248635439325e-17,8.223713232890011e-18,19.87,0.3,-10.86,0.3,r_p48,P48+ZTF,6421.166992940606
2459362.6831,1.8376980970932798e-17,5.586528707239687e-18,21.03,0.33,-9.7,0.33,g_p48,P48+ZTF,4789.313527877863
2459362.7335,2.789926575123476e-17,4.8831526859071175e-18,19.94,0.19,-10.79,0.19,r_p48,P48+ZTF,6421.166992940606
2459367.7159,2.278204858630698e-17,3.777628168387078e-18,20.16,0.18,-10.57,0.18,r_p48,P48+ZTF,6421.166992940606
2459369.7053,1.7766127467005998e-17,4.0915391556514814e-18,20.43,0.25,-10.3,0.25,r_p48,P48+ZTF,6421.166992940606
2459369.7272,1.8891835948479002e-17,6.265137339265988e-18,21.0,0.36,-9.73,0.36,g_p48,P48+ZTF,4789.313527877863
2459371.7293,1.912461819914549e-17,4.05204760556215e-18,20.35,0.23,-10.379999999999999,0.23,r_p48,P48+ZTF,6421.166992940606
2459373.6848,1.8208499796686817e-17,5.703047804320685e-18,21.04,0.34,-9.690000000000001,0.34,g_p48,P48+ZTF,4789.313527877863
2459373.7125,1.398275582209343e-17,4.6371292787924876e-18,20.69,0.36,-10.04,0.36,r_p48,P48+ZTF,6421.166992940606
2459376.7573,1.9301576112602328e-17,4.6229590978816084e-18,20.34,0.26,-10.39,0.26,r_p48,P48+ZTF,6421.166992940606
