3000	2.056460071E-06
3010	1.650437189E-06
3020	-1.071173756E-06
3030	1.183189088E-06
3040	1.288838248E-06
3050	-2.423301048E-06
3060	6.123196363E-07
3070	9.72892085E-07
3080	-2.145822073E-06
3090	1.022100405E-06
3100	1.181948574E-07
3110	-1.494113967E-06
3120	3.492496398E-07
3130	2.029186144E-06
3140	0.000000502
3150	9.62412596E-07
3160	3.263308608E-06
3170	-9.693960601E-07
3180	1.816236327E-06
3190	1.618892275E-06
3200	4.811547569E-08
3210	-1.383428662E-07
3220	0.000002046
3230	1.174583449E-06
3240	-1.116601343E-06
3250	-2.860604945E-07
3260	4.700263671E-06
3270	-1.643445139E-06
3280	-7.144096162E-07
3290	-7.803749031E-07
3300	4.798624141E-06
3310	0.000005568
3320	4.764427558E-08
3330	3.640604555E-06
3340	3.162664943E-06
3350	-9.91611596E-07
3360	-0.000001329
3370	2.044673693E-08
3380	1.611192711E-06
3390	2.214847482E-06
3400	-2.291518904E-06
3410	2.739335177E-06
3420	1.924080607E-07
3430	-1.262380538E-06
3440	5.260524267E-07
3450	3.368307371E-06
3460	-2.063262364E-06
3470	-4.970457212E-08
3480	2.031419426E-06
3490	8.027793374E-06
3500	1.265634637E-06
3510	1.345177589E-06
3520	1.293928945E-06
3530	1.141818866E-06
3540	2.488237214E-08
3550	3.008731619E-07
3560	1.386091608E-06
3570	7.891271525E-07
3580	1.107172939E-06
3590	1.555349008E-06
3600	8.622577298E-07
3610	1.549194567E-06
3620	7.604040729E-07
3630	1.722423913E-06
3640	1.149174059E-06
3650	7.287485641E-07
3660	0.000000579
3670	1.031152351E-06
3680	5.887485895E-07
3690	9.210829739E-07
3700	4.541404633E-07
3710	1.007916362E-06
3720	7.281529543E-07
3730	9.182958456E-07
3740	0.000000716
3750	5.563633022E-07
3760	0.000000579
3770	8.039020031E-07
3780	9.333742491E-07
3790	6.842643052E-07
3800	1.241798309E-06
3810	8.856574277E-07
3820	8.507449093E-07
3830	1.138037351E-07
3840	6.865995965E-07
3850	1.209595357E-06
3860	1.308668725E-06
3870	4.125152191E-07
3880	8.658781007E-07
3890	3.386627068E-06
3900	1.61856995E-06
3910	9.753179038E-06
3920	3.197946062E-06
3930	2.400793164E-06
3940	0.000111261
3950	0.000090622
3960	0.0001083983
3970	0.0005035255
3980	0.0002116641
3990	0.0006790265
4000	0.0474747038
4010	0.4300172806
4020	0.7958659363
4030	0.9549369812
4040	0.9428020477
4050	0.9620343018
4060	0.9686205292
4070	0.9686621094
4080	0.962042923
4090	0.9769301605
4100	0.9781702423
4110	0.9778171539
4120	0.9640255737
4130	0.9687779999
4140	0.9739479065
4150	0.9787387085
4160	0.9759480286
4170	0.9778094482
4180	0.978325882
4190	0.976606369
4200	0.9834131622
4210	0.9858932495
4220	0.9849518585
4230	0.9813925934
4240	0.9828079224
4250	0.9817217255
4260	0.9810164642
4270	0.9833843994
4280	0.9802906036
4290	0.9788842773
4300	0.9805180359
4310	0.9796869659
4320	0.9839472198
4330	0.9837478638
4340	0.9825623322
4350	0.982806778
4360	0.9794415283
4370	0.9766982269
4380	0.981061554
4390	0.983267746
4400	0.9835284424
4410	0.9859081268
4420	0.9831356049
4430	0.981969223
4440	0.9831143951
4450	0.9798639679
4460	0.9797993469
4470	0.9835010529
4480	0.9822045898
4490	0.9828876495
4500	0.9845089722
4510	0.9856038666
4520	0.9852612305
4530	0.9825925446
4540	0.9804051208
4550	0.9821846771
4560	0.9839445496
4570	0.9843994904
4580	0.9844285583
4590	0.9863117218
4600	0.9832772827
4610	0.9795907593
4620	0.9817420959
4630	0.98362854
4640	0.981774826
4650	0.9827277374
4660	0.9854803467
4670	0.984040451
4680	0.984750061
4690	0.9856761169
4700	0.9856078339
4710	0.9846339417
4720	0.9863444519
4730	0.9837503815
4740	0.9791704559
4750	0.9799895477
4760	0.9839989471
4770	0.984447937
4780	0.9827345276
4790	0.9830942535
4800	0.9824989319
4810	0.9810253906
4820	0.9827147675
4830	0.9857164764
4840	0.9882777405
4850	0.9877516937
4860	0.9875871277
4870	0.9850346375
4880	0.984642868
4890	0.9863096619
4900	0.9866098785
4910	0.9818034363
4920	0.9784421539
4930	0.9781669617
4940	0.9794966888
4950	0.9774434662
4960	0.9785581207
4970	0.9802084351
4980	0.9799113464
4990	0.977877655
5000	0.9789556885
5010	0.9848181915
5020	0.9861401367
5030	0.984286499
5040	0.9848778534
5050	0.9864083862
5060	0.9846024323
5070	0.982668457
5080	0.9845884705
5090	0.9855738068
5100	0.9802710724
5110	0.978033905
5120	0.9814304352
5130	0.9852141571
5140	0.9843719482
5150	0.9848075867
5160	0.9849549866
5170	0.9855813599
5180	0.9830299377
5190	0.9810578156
5200	0.9841734314
5210	0.9820827484
5220	0.9766001892
5230	0.975344162
5240	0.9812927246
5250	0.984654007
5260	0.979576416
5270	0.9740709686
5280	0.9779019165
5290	0.9813008881
5300	0.9784677887
5310	0.9760794067
5320	0.9809299469
5330	0.9824993134
5340	0.9789189148
5350	0.9769880676
5360	0.9826124573
5370	0.9802830505
5380	0.9713528442
5390	0.9690276337
5400	0.9793894196
5410	0.9831536102
5420	0.9799890137
5430	0.9783922577
5440	0.9790141296
5450	0.9735116577
5460	0.9638427734
5470	0.8437091827
5480	0.376278801
5490	0.0806494141
5500	0.0178847873
5510	0.0038006184
5520	0.0010536764
5530	0.0003768271
5540	0.0001612649
5550	8.324925788E-05
5560	5.04394481E-05
5570	3.528317437E-05
5580	2.67023081E-05
5590	2.183890436E-05
5600	0.000018348
5610	1.38402998E-05
5620	1.170949545E-05
5630	8.844561526E-06
5640	6.960529136E-06
5650	6.353273056E-06
5660	6.759866374E-06
5670	7.356589194E-06
5680	9.381297859E-06
5690	1.301807351E-05
5700	2.198409056E-05
5710	3.72639345E-05
5720	5.599880591E-05
5730	7.110381499E-05
5740	0.000066513
5750	5.269837566E-05
5760	4.153441172E-05
5770	3.28670931E-05
5780	2.967611654E-05
5790	2.980462508E-05
5800	3.403566778E-05
5810	3.415713552E-05
5820	3.199559404E-05
5830	2.787253819E-05
5840	2.414358314E-05
5850	2.543924609E-05
5860	3.109478625E-05
5870	4.430216737E-05
5880	6.281783339E-05
5890	6.951271556E-05
5900	6.148378365E-05
5910	5.671382416E-05
5920	5.587731954E-05
5930	5.792327691E-05
5940	0.000045062
5950	2.903453307E-05
5960	1.738920226E-05
5970	1.206234447E-05
5980	1.052372623E-05
5990	9.870856302E-06
6000	1.095609274E-05
6010	1.299478346E-05
6020	1.748170704E-05
6030	2.252339851E-05
6040	2.839839319E-05
6050	3.291211091E-05
6060	3.473671386E-05
6070	3.500115825E-05
6080	3.30664916E-05
6090	3.148265649E-05
6100	3.392144572E-05
6110	3.85391037E-05
6120	4.241814371E-05
6130	0.000037642
6140	0.000026354
6150	1.632107305E-05
6160	1.172434888E-05
6170	9.707650752E-06
6180	1.007391955E-05
6190	1.145740505E-05
6200	1.707625925E-05
6210	2.844772767E-05
6220	4.856576677E-05
6230	0.00005722
6240	4.581429996E-05
6250	3.310882021E-05
6260	2.360034734E-05
6270	1.745358692E-05
6280	1.27946795E-05
6290	9.179137996E-06
6300	6.813435466E-06
6310	5.393631291E-06
6320	0.000005046
6330	5.742097273E-06
6340	6.600766792E-06
6350	8.480884135E-06
6360	1.311716507E-05
6370	2.149957931E-05
6380	3.520574421E-05
6390	4.418036435E-05
6400	3.973437008E-05
6410	2.567610471E-05
6420	1.624017372E-05
6430	9.48854431E-06
6440	6.578477332E-06
6450	4.809862585E-06
6460	3.791068448E-06
6470	0.000002806
6480	2.1736286E-06
6490	1.494468015E-06
6500	1.144314083E-06
6510	8.268591773E-07
6520	5.952582433E-07
6530	5.109490667E-07
6540	4.421113408E-07
6550	5.858047371E-07
6560	4.256812463E-07
6570	0.000000441
6580	6.454854156E-07
6590	6.3174768E-07
6600	8.334875747E-07
6610	9.054362454E-07
6620	1.048739505E-06
6630	8.152735245E-07
6640	8.116861136E-07
6650	9.122088522E-07
6660	1.191673073E-06
6670	1.508236892E-06
6680	1.554261544E-06
6690	1.794915588E-06
6700	2.896065707E-06
6710	0.000004255
6720	5.33068669E-06
6730	6.540266913E-06
6740	8.208050276E-06
6750	7.603543345E-06
6760	7.040695637E-06
6770	5.587154883E-06
6780	4.589603923E-06
6790	3.898281138E-06
6800	3.47515539E-06
6810	3.582861973E-06
6820	0.000003758
6830	4.909269628E-06
6840	6.254345062E-06
6850	7.979851798E-06
6860	8.834454347E-06
6870	8.090287447E-06
6880	6.108281086E-06
6890	5.030729226E-06
6900	3.904405748E-06
6910	3.815165546E-06
6920	3.324825666E-06
6930	3.665115801E-06
6940	3.919095325E-06
6950	4.297065025E-06
6960	4.915533937E-06
6970	5.599661963E-06
6980	7.493296871E-06
6990	9.004235617E-06
7000	1.211975235E-05
7010	1.751321717E-05
7020	2.927019959E-05
7030	0.000061017
7040	0.0001119895
7050	0.0001151878
7060	6.95713982E-05
7070	0.000041188
7080	2.883126494E-05
7090	2.561510075E-05
7100	2.340705134E-05
7110	2.684683539E-05
7120	0.000031849
7130	0.000039737
7140	4.630461335E-05
7150	0.000053004
7160	5.34761278E-05
7170	0.000050259
7180	4.828936886E-05
7190	4.630880896E-05
7200	4.772272427E-05
7210	5.088725127E-05
7220	0.000056617
7230	6.118041929E-05
7240	6.549558137E-05
7250	7.024308667E-05
7260	6.977122277E-05
7270	6.668017246E-05
7280	5.925516598E-05
7290	5.033055786E-05
7300	3.917105962E-05
7310	0.000031448
7320	2.780238632E-05
7330	2.366175177E-05
7340	2.199090552E-05
7350	2.519126283E-05
7360	3.11093824E-05
7370	0.000043422
7380	0.000067835
7390	8.910557255E-05
7400	7.662883494E-05
7410	4.064450972E-05
7420	2.056213329E-05
7430	1.124531962E-05
7440	8.123158477E-06
7450	5.287638051E-06
7460	0.000003525
7470	3.639250644E-06
7480	2.347281843E-06
7490	2.90041673E-06
7500	2.573560341E-06
7510	3.013691748E-06
7520	2.827379794E-06
7530	2.691709669E-06
7540	3.069258237E-06
7550	4.795126733E-06
7560	6.090611569E-06
7570	6.513355183E-06
7580	0.000007959
7590	9.847083129E-06
7600	1.134967664E-05
7610	1.527373213E-05
7620	1.858572592E-05
7630	2.226467244E-05
7640	2.610936994E-05
7650	3.072357504E-05
7660	3.658559173E-05
7670	4.424138926E-05
7680	5.484708119E-05
7690	6.355456542E-05
7700	0.000080964
7710	8.081277832E-05
7720	7.277732715E-05
7730	0.000062531
7740	5.224113818E-05
7750	4.118463024E-05
7760	3.295417177E-05
7770	3.285913495E-05
7780	3.211092902E-05
7790	0.00003269
7800	0.000035188
7810	3.811618546E-05
7820	4.796390422E-05
7830	5.049736705E-05
7840	5.407349207E-05
7850	4.994628485E-05
7860	3.854160197E-05
7870	2.935781842E-05
7880	2.357522957E-05
7890	1.678157947E-05
7900	1.351126586E-05
7910	1.020010444E-05
7920	8.309732657E-06
7930	0.000006721
7940	5.884913262E-06
7950	5.422928371E-06
7960	4.708061169E-06
7970	4.862811184E-06
7980	5.882735131E-06
7990	4.874655278E-06
8000	2.42018979E-05
8000	4.254173837E-06
8002.000122	5.929893814E-05
8004.000244	3.951930441E-05
8005.999756	5.676639266E-05
8007.999878	2.906119218E-05
8010	7.388364756E-06
8012.000122	3.309716005E-05
8014.000244	3.944091965E-05
8015.999756	1.562615391E-05
8017.999878	4.644955508E-05
8020	3.345774487E-05
8022.000122	2.636526013E-05
8024.000244	2.048248192E-05
8025.999756	4.758323543E-05
8027.999878	2.583531197E-05
8030	4.57391236E-05
8032.000122	2.901383443E-05
8034.000244	1.952085062E-05
8035.999756	3.391794162E-05
8037.999878	5.72682824E-05
8040	2.500936622E-05
8042.000122	2.33313092E-05
8044.000244	3.31068947E-05
8045.999756	2.544017974E-05
8047.999878	3.614249639E-05
8050	4.228167702E-05
8052.000122	4.672043957E-05
8054.000244	2.804651391E-05
8055.999756	6.258724257E-05
8057.999878	4.081842955E-05
8060	4.240159411E-05
8062.000122	1.086187083E-05
8064.000244	3.324418096E-05
8065.999756	4.110464826E-05
8067.999878	3.256947501E-05
8070	4.906446207E-05
8072.000122	0.000025664
8074.000244	3.250448965E-05
8075.999756	3.948579542E-05
8077.999878	3.932214808E-05
8080	0.00001938
8082.000122	2.335070167E-05
8084.000244	2.890263218E-05
8085.999756	5.399976857E-05
8087.999878	2.588786418E-05
8090	3.885053564E-05
8092.000122	3.172377823E-05
8094.000244	3.822463332E-05
8095.999756	4.346772097E-05
8097.999878	4.19576373E-05
8100	6.150922738E-05
8102.000122	3.897337709E-05
8104.000244	5.883421283E-05
8105.999756	3.958722111E-05
8107.999878	4.556846805E-05
8110	3.835082054E-05
8112.000122	4.241542425E-05
8114.000244	3.697118955E-05
8115.999756	3.706464544E-05
8117.999878	5.629907362E-05
8120	4.76085674E-05
8122.000122	4.898590501E-05
8124.000244	5.223764572E-05
8125.999756	4.291611724E-05
8127.999878	3.361406969E-05
8130	4.029324278E-05
8132.000122	3.46157141E-05
8134.000244	2.770946361E-05
8135.999756	2.726879669E-05
8137.999878	4.046039656E-05
8140	3.697006498E-05
8142.000122	2.55355984E-05
8144.000244	5.29880682E-05
8145.999756	5.586968735E-05
8147.999878	5.244276486E-05
8150	2.675327705E-05
8152.000122	4.150324035E-05
8154.000244	1.855052542E-05
8155.999756	4.65473067E-05
8157.999878	3.361777635E-05
8160	0.000041991
8162.000122	4.438438918E-05
8164.000244	4.018031526E-05
8165.999756	2.745336387E-05
8167.999878	4.905679263E-05
8170	0.0000293
8172.000122	4.355063196E-05
8174.000244	4.487215076E-05
8175.999756	5.873549264E-05
8177.999878	6.345413625E-05
8180	0.000033836
8182.000122	4.963556305E-05
8184.000244	3.754063044E-05
8185.999756	5.74388681E-05
8187.999878	3.988579381E-05
8190	0.000040137
8192.000122	0.000034086
8194.000244	1.992262201E-05
8195.999756	3.765509697E-05
8197.999878	2.268138342E-05
8200	5.041634198E-05
8202.000122	4.469461739E-05
8204.000244	4.119993653E-05
8205.999756	4.165089689E-05
8207.999878	4.092914052E-05
8210	3.356610192E-05
8212.000122	3.977080807E-05
8214.000244	4.879993852E-05
8215.999756	0.000040589
8217.999878	3.205240937E-05
8220	4.964055493E-05
8222.000122	3.02148913E-05
8224.000244	5.503922235E-05
8225.999756	5.064732861E-05
8227.999878	4.244564101E-05
8230	4.346238915E-05
8232.000122	3.88751179E-05
8234.000244	3.721216926E-05
8235.999756	3.232735209E-05
8237.999878	5.30642597E-05
8240	4.744107369E-05
8242.000122	4.941169173E-05
8244.000244	4.221632611E-05
8245.999756	3.641857533E-05
8247.999878	4.307867959E-05
8250	4.438629374E-05
8252.000122	4.845187534E-05
8254.000244	3.81564605E-05
8255.999756	3.788836999E-05
8257.999878	3.794234712E-05
8260	4.121923354E-05
8262.000122	4.467650317E-05
8264.000244	4.188462626E-05
8265.999756	4.494725261E-05
8267.999878	0.000055694
8270	3.034009133E-05
8272.000122	3.103849245E-05
8274.000244	3.222343978E-05
8275.999756	4.499844275E-05
8277.999878	4.470714834E-05
8280	0.000030423
8282.000122	5.568466615E-05
8284.000244	4.229017068E-05
8285.999756	3.474352416E-05
8287.999878	4.895955324E-05
8290	5.990307778E-05
8292.000122	2.771410625E-05
8294.000244	0.000053482
8295.999756	4.99972282E-05
8297.999878	2.689355751E-05
8300	4.846486729E-05
8302.000122	2.791715786E-05
8304.000244	5.306254607E-05
8305.999756	3.576535266E-05
8307.999878	4.176436923E-05
8310	3.722185967E-05
8312.000122	3.669020953E-05
8314.000244	4.068109673E-05
8315.999756	4.481682554E-05
8317.999878	2.79423641E-05
8320	3.441657173E-05
8322.000122	2.812714549E-05
8324.000244	3.795554629E-05
8325.999756	2.99250707E-05
8327.999878	3.923854791E-05
8330	5.500652827E-05
8332.000122	4.194920417E-05
8334.000244	4.475907888E-05
8335.999756	4.817661829E-05
8337.999878	3.088426776E-05
8340	5.20598283E-05
8342.000122	4.116120748E-05
8344.000244	4.245909397E-05
8345.999756	3.810240421E-05
8347.999878	4.320045002E-05
8350	4.120038822E-05
8352.000122	4.566771444E-05
8354.000244	2.385815838E-05
8355.999756	4.162029829E-05
8357.999878	3.436756786E-05
8360	4.344121553E-05
8362.000122	3.479544073E-05
8364.000244	2.970706671E-05
8365.999756	0.00004211
8367.999878	2.275042003E-05
8370	3.027822822E-05
8372.000122	4.640927073E-05
8374.000244	0.000044335
8375.999756	3.815793665E-05
8377.999878	4.12192801E-05
8380	3.214250784E-05
8382.000122	3.470367286E-05
8384.000244	4.735352006E-05
8385.999756	4.165505525E-05
8387.999878	4.11813613E-05
8390	5.267809145E-05
8392.000122	0.000042835
8394.000244	2.088777954E-05
8395.999756	3.125631716E-05
8397.999878	4.456140101E-05
8400	3.610787448E-05
8402.000122	3.479258623E-05
8404.000244	3.061734606E-05
8405.999756	2.918233862E-05
8407.999878	0.000046634
8410	3.471345175E-05
8412.000122	3.148885677E-05
8414.000244	3.379925387E-05
8415.999756	2.810643986E-05
8417.999878	3.610442858E-05
8420	3.905106569E-05
8422.000122	3.333949717E-05
8424.000244	0.000028378
8425.999756	3.863338148E-05
8427.999878	0.000039808
8430	0.000042121
8432.000122	4.464336205E-05
8434.000244	3.194936551E-05
8435.999756	3.195191734E-05
8437.999878	3.880839795E-05
8440	4.214750603E-05
8442.000122	2.70343828E-05
8444.000244	3.948209342E-05
8445.999756	0.000035633
8447.999878	3.31580895E-05
8450	0.00003896
8452.000122	0.000022597
8454.000244	2.186707687E-05
8455.999756	3.520046826E-05
8457.999878	2.912776079E-05
8460	3.258814104E-05
8462.000122	2.72378861E-05
8464.000244	2.514033811E-05
8465.999756	4.233107902E-05
8467.999878	2.604066627E-05
8470	3.518674988E-05
8472.000122	2.848242642E-05
8474.000244	3.484205343E-05
8475.999756	0.000028721
8477.999878	3.13694682E-05
8480	3.190512769E-05
8482.000122	3.450922202E-05
8484.000244	2.684273059E-05
8485.999756	2.399052493E-05
8487.999878	2.538316185E-05
8490	3.561809659E-05
8492.000122	4.377676174E-05
8494.000244	3.885464277E-05
8495.999756	3.306746949E-05
8497.999878	4.054470453E-05
8500	3.480626503E-05
8502.000122	3.606308019E-05
8504.000244	4.288221709E-05
8505.999756	0.000037895
8507.999878	2.714232542E-05
8510	3.28119495E-05
8512.000122	2.865859307E-05
8514.000244	2.826943062E-05
8515.999756	2.165119164E-05
8517.999878	3.572042566E-05
8520	4.123480991E-05
8522.000122	2.753375797E-05
8524.000244	2.636146266E-05
8525.999756	2.37086392E-05
8527.999878	3.452557838E-05
8530	3.74820549E-05
8532.000122	3.781765467E-05
8534.000244	3.426830051E-05
8535.999756	3.467929084E-05
8537.999878	3.258765675E-05
8540	3.278407967E-05
8542.000122	3.060509451E-05
8544.000244	2.354723867E-05
8545.999756	3.827085951E-05
8547.999878	2.902161796E-05
8550	0.000015938
8552.000122	4.012166522E-05
8554.000244	3.430093173E-05
8555.999756	2.846828662E-05
8557.999878	2.226055134E-05
8560	4.134746734E-05
8562.000122	3.211450065E-05
8564.000244	3.137241583E-05
8565.999756	3.270840505E-05
8567.999878	3.517269157E-05
8570	3.063767916E-05
8572.000122	3.632151755E-05
8574.000244	4.470650107E-05
8575.999756	2.668423345E-05
8577.999878	3.007455729E-05
8580	3.806580557E-05
8582.000122	4.026992247E-05
8584.000244	0.000031193
8585.999756	4.047891125E-05
8587.999878	4.933648743E-05
8590	3.123975359E-05
8592.000122	4.507432692E-05
8594.000244	4.361382686E-05
8595.999756	3.801413812E-05
8597.999878	3.669959493E-05
8600	3.860039171E-05
8602.000122	4.864626098E-05
8604.000244	4.028243944E-05
8605.999756	4.93650604E-05
8607.999878	4.452174529E-05
8610	3.742813598E-05
8612.000122	0.00004124
8614.000244	4.098682199E-05
8615.999756	4.127447493E-05
8617.999878	4.458256066E-05
8620	4.62815864E-05
8622.000122	3.807705827E-05
8624.000244	5.2759666E-05
8625.999756	3.935208078E-05
8627.999878	4.513308406E-05
8630	4.493119195E-05
8632.000122	3.819654463E-05
8634.000244	4.112428986E-05
8635.999756	0.000044441
8637.999878	4.768708255E-05
8640	4.30044299E-05
8642.000122	4.462226294E-05
8644.000244	0.000040906
8645.999756	4.166719969E-05
8647.999878	5.077155307E-05
8650	4.960210528E-05
8652.000122	5.292508751E-05
8654.000244	4.536787979E-05
8655.999756	0.000040025
8657.999878	4.717989825E-05
8660	5.458988249E-05
8662.000122	5.162175279E-05
8664.000244	5.462363362E-05
8665.999756	5.664749071E-05
8667.999878	5.528890528E-05
8670	4.819732159E-05
8672.000122	5.42449113E-05
8674.000244	5.214226432E-05
8675.999756	5.384610966E-05
8677.999878	5.654446315E-05
8680	4.901890177E-05
8682.000122	5.627139937E-05
8684.000244	5.699190777E-05
8685.999756	5.427028518E-05
8687.999878	5.599756725E-05
8690	4.661384504E-05
8692.000122	5.506929941E-05
8694.000244	6.182786543E-05
8695.999756	6.125439424E-05
8697.999878	5.660259165E-05
8700	5.018618889E-05
8702.000122	5.726771429E-05
8704.000244	0.000058131
8705.999756	4.976348486E-05
8707.999878	5.95681509E-05
8710	6.148441695E-05
8712.000122	6.245951168E-05
8714.000244	5.552554503E-05
8715.999756	5.363475531E-05
8717.999878	5.638842471E-05
8720	5.842188839E-05
8722.000122	5.6882645E-05
8724.000244	5.124151707E-05
8725.999756	0.000053679
8727.999878	5.64848166E-05
8730	5.350521766E-05
8732.000122	5.512971431E-05
8734.000244	5.483058281E-05
8735.999756	5.309708882E-05
8737.999878	5.989790428E-05
8740	5.289258435E-05
8742.000122	5.164233968E-05
8744.000244	5.853121635E-05
8745.999756	5.470056552E-05
8747.999878	0.000054711
8750	5.636621267E-05
8752.000122	0.000051132
8754.000244	5.493913312E-05
8755.999756	5.101323593E-05
8757.999878	5.064178724E-05
8760	5.313068163E-05
8762.000122	5.682724528E-05
8764.000244	5.382420961E-05
8765.999756	5.773342215E-05
8767.999878	5.300990772E-05
8770	5.096979439E-05
8772.000122	0.000058601
8774.000244	5.296069197E-05
8775.999756	5.302055739E-05
8777.999878	5.165149923E-05
8780	0.000052144
8782.000122	5.650952924E-05
8784.000244	5.547689274E-05
8785.999756	5.433417857E-05
8787.999878	5.397414323E-05
8790	5.712579936E-05
8792.000122	5.261810962E-05
8794.000244	5.637126043E-05
8795.999756	5.226934794E-05
8797.999878	5.354589317E-05
8800	5.54875331E-05
8802.000122	4.957591183E-05
8804.000244	4.806309938E-05
8805.999756	5.28137479E-05
8807.999878	5.518394522E-05
8810	5.175871309E-05
8812.000122	5.076547619E-05
8814.000244	5.316476338E-05
8815.999756	5.03031211E-05
8817.999878	4.933693912E-05
8820	5.507448688E-05
8822.000122	5.122116767E-05
8824.000244	5.237519741E-05
8825.999756	4.781442694E-05
8827.999878	5.350154825E-05
8830	5.464346614E-05
8832.000122	5.135162268E-05
8834.000244	4.985831212E-05
8835.999756	4.604750313E-05
8837.999878	5.248856731E-05
8840	5.443646573E-05
8842.000122	5.384947639E-05
8844.000244	4.872125108E-05
8845.999756	5.202149041E-05
8847.999878	5.713869352E-05
8850	5.088734906E-05
8852.000122	5.118549801E-05
8854.000244	4.916344769E-05
8855.999756	5.118833389E-05
8857.999878	5.215631798E-05
8860	5.523761734E-05
8862.000122	5.189828109E-05
8864.000244	5.120150279E-05
8865.999756	5.205473397E-05
8867.999878	5.270958878E-05
8870	4.761561286E-05
8872.000122	4.771168809E-05
8874.000244	4.986152519E-05
8875.999756	5.511965603E-05
8877.999878	4.80302237E-05
8880	5.333748646E-05
8882.000122	4.632565193E-05
8884.000244	4.831188358E-05
8885.999756	5.483721383E-05
8887.999878	4.886309151E-05
8890	4.994309507E-05
8892.000122	5.590194836E-05
8894.000244	4.825347569E-05
8895.999756	4.909562413E-05
8897.999878	5.396085791E-05
8900	0.000055851
8902.000122	4.974139389E-05
8904.000244	0.000050151
8905.999756	4.772690125E-05
8907.999878	5.123511888E-05
8910	5.336040631E-05
8912.000122	5.092908628E-05
8914.000244	5.053421482E-05
8915.999756	5.670708138E-05
8917.999878	4.882643465E-05
8920	5.235732533E-05
8922.000122	5.546038505E-05
8924.000244	4.863030743E-05
8925.999756	5.324993748E-05
8927.999878	4.388347268E-05
8930	5.478731822E-05
8932.000122	5.121087655E-05
8934.000244	4.799351096E-05
8935.999756	5.00593055E-05
8937.999878	5.145268049E-05
8940	5.049208645E-05
8942.000122	5.495487712E-05
8944.000244	4.927724134E-05
8945.999756	5.399114918E-05
8947.999878	5.108719226E-05
8950	5.220472347E-05
8952.000122	4.812182859E-05
8954.000244	0.0000496
8955.999756	4.968152847E-05
8957.999878	5.100063514E-05
8960	4.882820416E-05
8962.000122	5.343088415E-05
8964.000244	5.091745872E-05
8965.999756	5.122487899E-05
8967.999878	5.173825659E-05
8970	4.97988984E-05
8972.000122	5.322828423E-05
8974.000244	5.068335216E-05
8975.999756	5.700469017E-05
8977.999878	5.136470776E-05
8980	5.287706386E-05
8982.000122	4.982946906E-05
8984.000244	5.038841628E-05
8985.999756	5.040476099E-05
8987.999878	5.195892882E-05
8990	4.7959066E-05
8992.000122	5.199954845E-05
8994.000244	5.531166214E-05
8995.999756	5.188240204E-05
8997.999878	5.21030603E-05
9000	5.347115919E-05
9002.000122	4.995619878E-05
9004.000244	0.00004747
9005.999756	5.12347836E-05
9007.999878	5.228366237E-05
9010	5.253168289E-05
9012.000122	4.752982408E-05
9014.000244	4.77608433E-05
9015.999756	5.062575452E-05
9017.999878	4.788625054E-05
9020	5.201751832E-05
9022.000122	4.923462402E-05
9024.000244	5.312814843E-05
9025.999756	4.974306095E-05
9027.999878	0.000051198
9030	5.252622999E-05
9032.000122	5.106949713E-05
9034.000244	4.851268604E-05
9035.999756	5.070560612E-05
9037.999878	5.016710144E-05
9040	5.131574348E-05
9042.000122	5.261479877E-05
9044.000244	0.000051243
9045.999756	5.027741659E-05
9047.999878	4.801746923E-05
9050	5.118468311E-05
9052.000122	5.230254959E-05
9054.000244	5.142165348E-05
9055.999756	5.002360325E-05
9057.999878	0.000053229
9060	5.176417995E-05
9062.000122	5.484565161E-05
9064.000244	5.124429706E-05
9065.999756	5.083133001E-05
9067.999878	5.141733214E-05
9070	5.149989855E-05
9072.000122	5.22395689E-05
9074.000244	5.514839664E-05
9075.999756	5.237427074E-05
9077.999878	5.219448358E-05
9080	5.355689675E-05
9082.000122	5.320517812E-05
9084.000244	5.310236011E-05
9085.999756	5.15533518E-05
9087.999878	5.518615711E-05
9090	5.412068684E-05
9092.000122	5.384445656E-05
9094.000244	5.357286427E-05
9095.999756	5.38568059E-05
9097.999878	5.357189104E-05
9100	5.52799413E-05
9102.000122	5.52735664E-05
9104.000244	5.267443135E-05
9105.999756	5.182684399E-05
9107.999878	5.57433255E-05
9110	5.492719822E-05
9112.000122	5.462864414E-05
9114.000244	5.542175379E-05
9115.999756	5.23375487E-05
9117.999878	5.456865299E-05
9120	5.625566468E-05
9122.000122	5.545457359E-05
9124.000244	5.577326287E-05
9125.999756	5.36911143E-05
9127.999878	5.472817924E-05
9130	5.344036501E-05
9132.000122	5.331106018E-05
9134.000244	5.287967157E-05
9135.999756	5.68765169E-05
9137.999878	5.33986371E-05
9140	5.462091416E-05
9142.000122	5.71556855E-05
9144.000244	5.490111653E-05
9145.999756	0.000055578
9147.999878	5.461526103E-05
9150	5.431329366E-05
9152.000122	5.29994769E-05
9154.000244	5.383379757E-05
9155.999756	5.609333515E-05
9157.999878	5.460317712E-05
9160	5.361591466E-05
9162.000122	5.557287019E-05
9164.000244	5.48708858E-05
9165.999756	5.451180041E-05
9167.999878	5.316447467E-05
9170	5.441319197E-05
9172.000122	5.328451283E-05
9174.000244	5.344510544E-05
9175.999756	5.289517343E-05
9177.999878	5.416010972E-05
9180	5.437654909E-05
9182.000122	5.445225164E-05
9184.000244	5.266536959E-05
9185.999756	0.000054203
9187.999878	5.240246654E-05
9190	5.151552614E-05
9192.000122	0.000053278
9194.000244	5.195336416E-05
9195.999756	5.272378679E-05
9197.999878	5.285113584E-05
9200	5.211086944E-05
9202.000122	5.219581537E-05
9204.000244	5.342584103E-05
9205.999756	5.014323629E-05
9207.999878	5.086886231E-05
9210	5.352725741E-05
9212.000122	5.176283885E-05
9214.000244	5.203289911E-05
9215.999756	5.033953115E-05
9217.999878	5.114541855E-05
9220	5.071708933E-05
9222.000122	0.000050294
9224.000244	4.909544252E-05
9225.999756	4.913043696E-05
9227.999878	4.966532346E-05
9230	5.058024079E-05
9232.000122	5.053723231E-05
9234.000244	5.066687707E-05
9235.999756	4.696328193E-05
9237.999878	0.000048446
9240	4.785962868E-05
9242.000122	4.896271508E-05
9244.000244	4.780264571E-05
9245.999756	4.853881896E-05
9247.999878	4.899080377E-05
9250	4.762979224E-05
9252.000122	4.77747852E-05
9254.000244	4.664036445E-05
9255.999756	4.507866688E-05
9257.999878	4.782685079E-05
9260	4.634934012E-05
9262.000122	4.458634648E-05
9264.000244	4.466942977E-05
9265.999756	4.461619072E-05
9267.999878	4.419254605E-05
9270	4.454548471E-05
9272.000122	4.483841825E-05
9274.000244	4.1754907E-05
9275.999756	4.269651603E-05
9277.999878	0.000042193
9280	4.185912665E-05
9282.000122	4.049452487E-05
9284.000244	4.114116542E-05
9285.999756	3.921518568E-05
9287.999878	3.974257037E-05
9290	4.005875438E-05
9292.000122	3.825114574E-05
9294.000244	3.823158564E-05
9295.999756	3.831386101E-05
9297.999878	3.683028277E-05
9300	3.61699122E-05
9302.000122	3.782029031E-05
9304.000244	3.525782377E-05
9305.999756	3.466858063E-05
9307.999878	3.74806812E-05
9310	3.41957598E-05
9312.000122	3.324835328E-05
9314.000244	3.481592285E-05
9315.999756	3.266940359E-05
9317.999878	3.302732483E-05
9320	3.28116701E-05
9322.000122	3.19252396E-05
9324.000244	3.291578731E-05
9325.999756	3.1215786E-05
9327.999878	3.227744251E-05
9330	3.1027433E-05
9332.000122	3.015271388E-05
9334.000244	2.911828225E-05
9335.999756	2.932443051E-05
9337.999878	2.923461841E-05
9340	2.817857079E-05
9342.000122	2.819007961E-05
9344.000244	2.781045157E-05
9345.999756	2.704316285E-05
9347.999878	2.662925515E-05
9350	2.697814023E-05
9352.000122	2.701006364E-05
9354.000244	2.498308662E-05
9355.999756	2.744769445E-05
9357.999878	2.550960984E-05
9360	2.302227076E-05
9362.000122	2.482550219E-05
9364.000244	2.409909153E-05
9365.999756	2.353392076E-05
9367.999878	2.232473809E-05
9370	2.104074694E-05
9372.000122	2.22723512E-05
9374.000244	2.078410704E-05
9375.999756	0.000021216
9377.999878	1.998325344E-05
9380	2.007370349E-05
9382.000122	1.993338345E-05
9384.000244	1.964177005E-05
9385.999756	1.985127572E-05
9387.999878	2.036019694E-05
9390	1.908209524E-05
9392.000122	1.81655155E-05
9394.000244	0.000019012
9395.999756	1.756509999E-05
9397.999878	1.761712367E-05
9400	1.620414318E-05
9402.000122	1.670511323E-05
9404.000244	1.625029836E-05
9405.999756	1.625634264E-05
9407.999878	1.492764684E-05
9410	1.516938675E-05
9412.000122	0.000015098
9414.000244	1.315321424E-05
9415.999756	0.000012968
9417.999878	1.348473015E-05
9420	0.000013409
9422.000122	1.285491977E-05
9424.000244	0.000013679
9425.999756	1.297852374E-05
9427.999878	1.176357735E-05
9430	1.169165829E-05
9432.000122	1.327513368E-05
9434.000244	1.238774275E-05
9435.999756	1.155436039E-05
9437.999878	1.06164068E-05
9440	1.094053034E-05
9442.000122	1.196819474E-05
9444.000244	1.155288774E-05
9445.999756	9.233835153E-06
9447.999878	1.274649752E-05
9450	9.564438369E-06
9452.000122	8.940523257E-06
9454.000244	8.550270577E-06
9455.999756	7.69641134E-06
9457.999878	9.888224304E-06
9460	9.748715675E-06
9462.000122	9.29875765E-06
9464.000244	7.739833673E-06
9465.999756	8.551567444E-06
9467.999878	8.802887169E-06
9470	7.291229558E-06
9472.000122	8.482591365E-06
9474.000244	7.927535917E-06
9475.999756	8.93354998E-06
9477.999878	7.662891294E-06
9480	7.422240451E-06
9482.000122	7.945892285E-06
9484.000244	8.518312825E-06
9485.999756	6.707436405E-06
9487.999878	7.675709785E-06
9490	8.921859553E-06
9492.000122	0.000005094
9494.000244	7.972808671E-06
9495.999756	6.401126739E-06
9497.999878	8.165489999E-06
9500	7.826736546E-06
9502.000122	6.198842311E-06
9504.000244	6.542448536E-06
9505.999756	7.343086181E-06
9507.999878	6.338302628E-06
9510	5.648271763E-06
9512.000122	8.118070546E-06
9514.000244	6.059102598E-06
9515.999756	8.169558714E-06
9517.999878	7.771177334E-06
9520	7.104717661E-06
9522.000122	6.893881946E-06
9524.000244	7.524316316E-06
9525.999756	6.256139604E-06
9527.999878	6.105595967E-06
9530	7.043642108E-06
9532.000122	9.007797344E-06
9534.000244	5.542539875E-06
9535.999756	7.217570092E-06
9537.999878	5.910212058E-06
9540	9.881850565E-06
9542.000122	7.657719543E-06
9544.000244	7.427568198E-06
9545.999756	9.809235344E-06
9547.999878	7.656399393E-06
9550	8.491173503E-06
9552.000122	8.689363021E-06
9554.000244	9.172149585E-06
9555.999756	9.781351546E-06
9557.999878	1.068631653E-05
9560	7.847702364E-06
9562.000122	8.67221388E-06
9564.000244	1.122893416E-05
9565.999756	9.445621981E-06
9567.999878	1.094038133E-05
9570	1.136691542E-05
9572.000122	0.00001128
9574.000244	1.17665471E-05
9575.999756	1.222441439E-05
9577.999878	0.000011332
9580	0.000012609
9582.000122	1.324269455E-05
9584.000244	1.233114162E-05
9585.999756	1.307912287E-05
9587.999878	1.353893895E-05
9590	1.363565563E-05
9592.000122	0.000013208
9594.000244	1.546794898E-05
9595.999756	1.37640629E-05
9597.999878	1.621089177E-05
9600	1.554582734E-05
9602.000122	0.000017085
9604.000244	1.73744536E-05
9605.999756	1.606192789E-05
9607.999878	1.941531431E-05
9610	2.031620592E-05
9612.000122	0.000019461
9614.000244	2.06578034E-05
9615.999756	2.053261967E-05
9617.999878	2.079261234E-05
9620	2.190669067E-05
9622.000122	2.39797309E-05
9624.000244	2.468666295E-05
9625.999756	0.000025162
9627.999878	2.41591665E-05
9630	2.532758517E-05
9632.000122	2.737881849E-05
9634.000244	2.737605246E-05
9635.999756	2.653771546E-05
9637.999878	2.9163328E-05
9640	0.000028208
9642.000122	2.88886833E-05
9644.000244	2.989511937E-05
9645.999756	2.907674294E-05
9647.999878	0.000031296
9650	3.273526439E-05
9652.000122	3.273683134E-05
9654.000244	3.30835348E-05
9655.999756	3.249388887E-05
9657.999878	3.214237979E-05
9660	3.514224896E-05
9662.000122	3.595355432E-05
9664.000244	3.576479387E-05
9665.999756	3.554389812E-05
9667.999878	3.837330965E-05
9670	0.000039822
9672.000122	3.865359118E-05
9674.000244	3.931736108E-05
9675.999756	4.18634247E-05
9677.999878	4.162511323E-05
9680	0.000041382
9682.000122	4.335477948E-05
9684.000244	4.284844734E-05
9685.999756	0.000045437
9687.999878	0.000046344
9690	4.594305065E-05
9692.000122	4.782132804E-05
9694.000244	4.885681905E-05
9695.999756	4.79013985E-05
9697.999878	5.014277995E-05
9700	5.090839695E-05
9702.000122	5.119913258E-05
9704.000244	5.115845706E-05
9705.999756	5.159180611E-05
9707.999878	5.541619845E-05
9710	5.431809928E-05
9712.000122	5.61345974E-05
9714.000244	0.000055682
9715.999756	5.743476097E-05
9717.999878	5.852378439E-05
9720	5.835589953E-05
9722.000122	0.000058724
9724.000244	6.045817863E-05
9725.999756	6.071058102E-05
9727.999878	6.120343693E-05
9730	6.245453376E-05
9732.000122	6.355671212E-05
9734.000244	6.138961762E-05
9735.999756	6.284074392E-05
9737.999878	6.265562028E-05
9740	6.367474794E-05
9742.000122	6.611132063E-05
9744.000244	6.537110545E-05
9745.999756	6.607191637E-05
9747.999878	6.582374685E-05
9750	6.633021403E-05
9752.000122	6.627905648E-05
9754.000244	6.823882926E-05
9755.999756	6.722676568E-05
9757.999878	6.832148414E-05
9760	6.683570798E-05
9762.000122	6.738730706E-05
9764.000244	6.789826322E-05
9765.999756	6.818654016E-05
9767.999878	6.785075646E-05
9770	6.883462425E-05
9772.000122	6.906143855E-05
9774.000244	7.041664328E-05
9775.999756	6.899568718E-05
9777.999878	6.950083654E-05
9780	6.854457781E-05
9782.000122	0.000068679
9784.000244	6.78757485E-05
9785.999756	6.919811014E-05
9787.999878	6.851473823E-05
9790	7.003474515E-05
9792.000122	6.866979878E-05
9794.000244	6.8381452E-05
9795.999756	6.771319546E-05
9797.999878	6.886925083E-05
9800	0.000067794
9802.000122	6.673457567E-05
9804.000244	6.577777676E-05
9805.999756	6.839868613E-05
9807.999878	6.680316292E-05
9810	6.671193987E-05
9812.000122	6.767080165E-05
9814.000244	6.704058498E-05
9815.999756	6.605690345E-05
9817.999878	6.534030195E-05
9820	6.477149669E-05
9822.000122	6.525735836E-05
9824.000244	6.461853627E-05
9825.999756	6.257522386E-05
9827.999878	6.430959795E-05
9830	6.24782918E-05
9832.000122	0.000062613
9834.000244	6.4134188E-05
9835.999756	6.151843816E-05
9837.999878	6.308058277E-05
9840	0.000061805
9842.000122	6.012290716E-05
9844.000244	6.163020618E-05
9845.999756	6.027582102E-05
9847.999878	6.042634603E-05
9850	5.830735434E-05
9852.000122	5.953738E-05
9854.000244	5.756191909E-05
9855.999756	5.72302239E-05
9857.999878	5.683314987E-05
9860	5.46683697E-05
9862.000122	5.47701586E-05
9864.000244	5.597089417E-05
9865.999756	0.000053655
9867.999878	5.378370639E-05
9870	5.362357479E-05
9872.000122	5.338190589E-05
9874.000244	5.19890897E-05
9875.999756	5.121905822E-05
9877.999878	5.11742197E-05
9880	4.868133925E-05
9882.000122	4.87451721E-05
9884.000244	0.000046865
9885.999756	4.875513725E-05
9887.999878	4.76766983E-05
9890	4.686125088E-05
9892.000122	4.572513513E-05
9894.000244	4.557291046E-05
9895.999756	4.598587286E-05
9897.999878	4.468056373E-05
9900	4.496307112E-05
9902.000122	4.29405272E-05
9904.000244	4.256141838E-05
9905.999756	4.246587865E-05
9907.999878	4.226222169E-05
9910	4.112021066E-05
9912.000122	4.274565261E-05
9914.000244	0.000039856
9915.999756	4.010589793E-05
9917.999878	4.040960222E-05
9920	4.015008919E-05
9922.000122	3.846905427E-05
9924.000244	4.071929492E-05
9925.999756	3.819163656E-05
9927.999878	3.772336291E-05
9930	3.714819206E-05
9932.000122	3.884191858E-05
9934.000244	0.000038
9935.999756	3.868956584E-05
9937.999878	3.827144857E-05
9940	3.815586679E-05
9942.000122	3.615311347E-05
9944.000244	0.000037987
9945.999756	3.727273084E-05
9947.999878	3.60734039E-05
9950	3.783977358E-05
9952.000122	3.791526658E-05
9954.000244	3.723987611E-05
9955.999756	3.643150209E-05
9957.999878	3.761738772E-05
9960	3.742225468E-05
9962.000122	3.811934497E-05
9964.000244	3.824359272E-05
9965.999756	3.794332501E-05
9967.999878	3.818622557E-05
9970	3.932341933E-05
9972.000122	4.011265468E-05
9974.000244	4.024144728E-05
9975.999756	4.164145794E-05
9977.999878	4.196754657E-05
9980	4.457684699E-05
9982.000122	4.36332915E-05
9984.000244	4.645381588E-05
9985.999756	4.728812259E-05
9987.999878	4.748785403E-05
9990	5.049608648E-05
9992.000122	5.188141484E-05
9994.000244	0.000054177
9995.999756	5.68574667E-05
9997.999878	5.819482729E-05
10000	6.017823238E-05
10002.00012	6.573509891E-05
10004.00024	6.847438402E-05
10005.99976	6.958344486E-05
10007.99988	6.982585415E-05
10010	7.536556106E-05
10012.00012	7.872178219E-05
10014.00024	8.187058382E-05
10015.99976	8.549142629E-05
10017.99988	8.847281337E-05
10020	9.369352832E-05
10022.00012	9.679936804E-05
10024.00024	0.0001000793
10025.99976	0.0001034972
10027.99988	0.0001081603
10030	0.0001126142
10032.00012	0.0001173259
10034.00024	0.0001180803
10035.99976	0.0001259154
10037.99988	0.0001280688
10040	0.0001336224
10042.00012	0.0001355273
10044.00024	0.0001415649
10045.99976	0.0001452107
10047.99988	0.0001495512
10050	0.0001540394
10052.00012	0.0001580816
10054.00024	0.0001633982
10055.99976	0.0001674025
10057.99988	0.0001719576
10060	0.0001741207
10062.00012	0.0001809604
10064.00024	0.000183829
10065.99976	0.0001901125
10067.99988	0.0001953708
10070	0.0001985758
10072.00012	0.0002019349
10074.00024	0.0002092788
10075.99976	0.0002148289
10077.99988	0.0002187374
10080	0.0002247406
10082.00012	0.0002272974
10084.00024	0.0002322342
10085.99976	0.0002373954
10087.99988	0.0002433717
10090	0.0002491568
10092.00012	0.0002536801
10094.00024	0.0002582202
10095.99976	0.0002625044
10097.99988	0.000266623
10100	0.0002713659
10102.00012	0.0002742751
10104.00024	0.0002814832
10105.99976	0.0002872411
10107.99988	0.0002917782
10110	0.0002954623
10112.00012	0.000299159
10114.00024	0.0003029628
10115.99976	0.0003067548
10117.99988	0.0003125056
10120	0.0003156475
10122.00012	0.0003208692
10124.00024	0.00032376
10125.99976	0.0003301886
10127.99988	0.0003317308
10130	0.0003347929
10132.00012	0.0003383527
10134.00024	0.0003404235
10135.99976	0.0003432864
10137.99988	0.0003449377
10140	0.000347353
10142.00012	0.0003491693
10144.00024	0.0003503953
10145.99976	0.0003531735
10147.99988	0.0003505769
10150	0.0003530982
10152.00012	0.0003528472
10154.00024	0.0003513963
10155.99976	0.0003498285
10157.99988	0.0003510094
10160	0.0003485459
10162.00012	0.0003499766
10164.00024	0.0003472719
10165.99976	0.0003465723
10167.99988	0.0003446627
10170	0.0003437277
10172.00012	0.0003424064
10174.00024	0.0003401266
10175.99976	0.0003388068
10177.99988	0.0003398612
10180	0.0003381081
10182.00012	0.0003370711
10184.00024	0.0003344044
10185.99976	0.000336228
10187.99988	0.0003328584
10190	0.0003315077
10192.00012	0.00033059
10194.00024	0.0003296979
10195.99976	0.0003276746
10197.99988	0.000325371
10200	0.000323488
10202.00012	0.0003226078
10204.00024	0.0003200988
10205.99976	0.000318082
10207.99988	0.0003159473
10210	0.0003116713
10212.00012	0.0003122807
10214.00024	0.0003079966
10215.99976	0.0003054856
10217.99988	0.0003018572
10220	0.000297222
10222.00012	0.0002936723
10224.00024	0.0002902519
10225.99976	0.0002861499
10227.99988	0.0002828324
10230	0.0002802315
10232.00012	0.0002745239
10234.00024	0.0002713762
10235.99976	0.000267944
10237.99988	0.0002629741
10240	0.0002611119
10241.99951	0.0002570765
10244.00024	0.0002524972
10245.99976	0.0002495724
10248.00049	0.0002453685
10250	0.0002431663
10251.99951	0.0002377096
10254.00024	0.0002377906
10255.99976	0.0002334532
10258.00049	0.000231584
10260	0.000227033
10261.99951	0.0002246421
10264.00024	0.0002229856
10265.99976	0.000218619
10268.00049	0.0002147443
10270	0.0002150946
10271.99951	0.0002117677
10274.00024	0.0002083365
10275.99976	0.0002074941
10278.00049	0.0002061119
10280	0.0002036251
10281.99951	0.0002022111
10284.00024	0.0002002078
10285.99976	0.0001971455
10288.00049	0.0001964393
10290	0.0001950256
10291.99951	0.0001937012
10294.00024	0.0001930337
10295.99976	0.0001923683
10298.00049	0.0001909559
10300	0.0001899514
10301.99951	0.0001889169
10304.00024	0.0001883743
10305.99976	0.0001876597
10308.00049	0.0001866645
10310	0.000185018
10311.99951	0.0001851715
10314.00024	0.000184266
10315.99976	0.0001820113
10318.00049	0.0001837676
10320	0.0001827375
10321.99951	0.0001827379
10324.00024	0.0001814507
10325.99976	0.0001815933
10328.00049	0.0001825006
10330	0.0001806126
10331.99951	0.0001805877
10334.00024	0.0001817428
10335.99976	0.000180411
10338.00049	0.0001817703
10340	0.000180301
10341.99951	0.0001803256
10344.00024	0.0001834281
10345.99976	0.0001832828
10348.00049	0.000183422
10350	0.0001862389
10351.99951	0.0001869196
10354.00024	0.0001865632
10355.99976	0.0001882904
10358.00049	0.0001892905
10360	0.0001905326
10361.99951	0.0001932295
10364.00024	0.0001947783
10365.99976	0.0001962304
10368.00049	0.0001996464
10370	0.0002014534
10371.99951	0.0002036698
10374.00024	0.0002057556
10375.99976	0.0002084238
10378.00049	0.0002128606
10380	0.0002156427
10381.99951	0.00021864
10384.00024	0.0002218694
10385.99976	0.0002255169
10388.00049	0.0002294269
10390	0.0002342264
10391.99951	0.0002371429
10394.00024	0.0002444215
10395.99976	0.0002473252
10398.00049	0.0002538132
10400	0.0002606816
10401.99951	0.0002650911
10404.00024	0.0002700271
10405.99976	0.0002738584
10408.00049	0.0002799479
10410	0.000288044
10411.99951	0.0002942077
10414.00024	0.0002990046
10415.99976	0.0003064575
10418.00049	0.0003143176
10420	0.0003201115
10421.99951	0.0003269195
10424.00024	0.0003341976
10425.99976	0.0003416273
10428.00049	0.0003487426
10430	0.0003566868
10431.99951	0.0003633759
10434.00024	0.000370584
10435.99976	0.0003794105
10438.00049	0.0003881216
10440	0.0003934425
10441.99951	0.00040141
10444.00024	0.000408397
10445.99976	0.0004185905
10448.00049	0.0004252441
10450	0.0004343835
10451.99951	0.0004450575
10454.00024	0.0004508878
10455.99976	0.0004591154
10458.00049	0.0004676754
10460	0.0004773958
10461.99951	0.0004840276
10464.00024	0.0004953557
10465.99976	0.0005007181
10468.00049	0.0005098017
10470	0.0005173121
10471.99951	0.0005263473
10474.00024	0.0005329123
10475.99976	0.0005401263
10478.00049	0.0005465294
10480	0.0005537602
10481.99951	0.0005609567
10484.00024	0.0005663511
10485.99976	0.0005732414
10488.00049	0.0005782527
10490	0.0005818864
10491.99951	0.0005840075
10494.00024	0.0005908752
10495.99976	0.0005952649
10498.00049	0.0005986042
10500	0.0005998534
10501.99951	0.0006035648
10504.00024	0.00060548
10505.99976	0.0006096275
10508.00049	0.0006093458
10510	0.0006115885
10511.99951	0.0006125865
10514.00024	0.0006132774
10515.99976	0.0006122976
10518.00049	0.000612356
10520	0.0006135913
10521.99951	0.0006117912
10524.00024	0.0006094718
10525.99976	0.0006090308
10528.00049	0.0006086731
10530	0.0006084689
10531.99951	0.0006027088
10534.00024	0.0006026139
10535.99976	0.0006005652
10538.00049	0.0005977871
10540	0.0005955292
10541.99951	0.0005911786
10544.00024	0.000588946
10545.99976	0.0005865499
10548.00049	0.0005843869
10550	0.0005805078
10551.99951	0.0005781411
10554.00024	0.0005757297
10555.99976	0.0005721947
10558.00049	0.0005700845
10560	0.0005671603
10561.99951	0.0005648828
10564.00024	0.0005622599
10565.99976	0.0005609286
10568.00049	0.0005577028
10570	0.0005568535
10571.99951	0.0005528978
10574.00024	0.0005494825
10575.99976	0.0005484058
10578.00049	0.0005472354
10580	0.0005412169
10581.99951	0.0005399818
10584.00024	0.0005370521
10585.99976	0.0005344653
10588.00049	0.0005309104
10590	0.0005267388
10591.99951	0.0005227042
10594.00024	0.0005204837
10595.99976	0.0005169606
10598.00049	0.0005112837
10600	0.0005096393
10601.99951	0.0005071129
10604.00024	0.000505266
10605.99976	0.0005019893
10608.00049	0.0004982989
10610	0.0004963358
10611.99951	0.00049536
10614.00024	0.000491837
10615.99976	0.0004933646
10618.00049	0.0004909345
10620	0.0004913813
10621.99951	0.0004920125
10624.00024	0.000491788
10625.99976	0.0004918697
10628.00049	0.0004919967
10630	0.000494557
10631.99951	0.0004937596
10634.00024	0.0004949055
10635.99976	0.0004966512
10638.00049	0.0004979937
10640	0.0005004337
10641.99951	0.0004993793
10644.00024	0.0004996652
10645.99976	0.0005008045
10648.00049	0.0005007885
10650	0.0005007644
10651.99951	0.0005007846
10654.00024	0.0004999008
10655.99976	0.0005002717
10658.00049	0.0004981751
10660	0.000496101
10661.99951	0.0004947528
10664.00024	0.0004948223
10665.99976	0.0004951107
10668.00049	0.0004931773
10670	0.0004907327
10671.99951	0.0004902384
10674.00024	0.0004875658
10675.99976	0.0004869204
10678.00049	0.0004873813
10680	0.0004825789
10681.99951	0.0004841799
10684.00024	0.0004815998
10685.99976	0.0004806958
10688.00049	0.0004786275
10690	0.0004784282
10691.99951	0.0004766809
10694.00024	0.0004763567
10695.99976	0.0004736665
10698.00049	0.00047367
10700	0.0004723039
10701.99951	0.0004710892
10704.00024	0.000468455
10705.99976	0.0004653591
10708.00049	0.0004636372
10710	0.0004593936
10711.99951	0.0004578807
10714.00024	0.0004551567
10715.99976	0.0004519786
10718.00049	0.0004482161
10720	0.0004425877
10721.99951	0.0004392725
10724.00024	0.000437073
10725.99976	0.0004332713
10728.00049	0.0004284979
10730	0.0004248332
10731.99951	0.0004199009
10734.00024	0.0004173979
10735.99976	0.0004111138
10738.00049	0.0004084383
10740	0.0004036471
10741.99951	0.0003996564
10744.00024	0.000393878
10745.99976	0.0003890473
10748.00049	0.0003843948
10750	0.0003818056
10751.99951	0.0003763582
10754.00024	0.0003722674
10755.99976	0.0003673295
10758.00049	0.0003641928
10760	0.0003594515
10761.99951	0.0003526686
10764.00024	0.0003479737
10765.99976	0.0003420359
10768.00049	0.0003373034
10770	0.0003338259
10771.99951	0.0003277462
10774.00024	0.0003243219
10775.99976	0.0003190754
10778.00049	0.0003130995
10780	0.0003084318
10781.99951	0.0003049028
10784.00024	0.0002998993
10785.99976	0.0002968712
10788.00049	0.0002927692
10790	0.0002899237
10791.99951	0.0002856599
10794.00024	0.0002830855
10795.99976	0.0002799615
10798.00049	0.0002772973
10800	0.0002735114
10801.99951	0.0002709061
10804.00024	0.0002680309
10805.99976	0.0002657475
10808.00049	0.0002655429
10810	0.000263244
10811.99951	0.0002617315
10814.00024	0.0002606475
10815.99976	0.0002585835
10818.00049	0.0002583868
10820	0.0002556148
10821.99951	0.0002543103
10824.00024	0.0002535572
10825.99976	0.0002519549
10828.00049	0.0002540095
10830	0.000252474
10831.99951	0.0002537891
10834.00024	0.0002529307
10835.99976	0.0002528846
10838.00049	0.0002552205
10840	0.000253549
10841.99951	0.0002569452
10844.00024	0.0002576078
10845.99976	0.0002578045
10848.00049	0.0002616146
10850	0.0002622824
10851.99951	0.0002664408
10854.00024	0.0002685485
10855.99976	0.0002713961
10858.00049	0.0002765818
10860	0.0002766351
10861.99951	0.0002835323
10864.00024	0.0002874132
10865.99976	0.0002920478
10868.00049	0.0002957649
10870	0.0003002308
10871.99951	0.0003036737
10874.00024	0.0003116049
10875.99976	0.0003127025
10878.00049	0.0003201354
10880	0.0003227876
10881.99951	0.0003293113
10884.00024	0.0003337265
10885.99976	0.0003375032
10888.00049	0.0003396064
10890	0.0003447274
10891.99951	0.0003485974
10894.00024	0.0003515583
10895.99976	0.0003579202
10898.00049	0.0003596516
10900	0.0003645344
10901.99951	0.000368836
10904.00024	0.0003730249
10905.99976	0.0003747987
10908.00049	0.0003807985
10910	0.0003827305
10911.99951	0.000387718
10914.00024	0.0003919797
10915.99976	0.0003964124
10918.00049	0.0004010165
10920	0.0004064271
10921.99951	0.0004100381
10924.00024	0.0004143692
10925.99976	0.0004198991
10928.00049	0.0004254643
10930	0.0004290032
10931.99951	0.0004325382
10934.00024	0.0004404785
10935.99976	0.00044484
10938.00049	0.0004501595
10940	0.0004551379
10941.99951	0.0004590944
10944.00024	0.0004627573
10945.99976	0.0004676433
10948.00049	0.0004721176
10950	0.0004729335
10951.99951	0.0004779765
10954.00024	0.0004789129
10955.99976	0.0004847492
10958.00049	0.0004835933
10960	0.0004869225
10961.99951	0.0004877731
10964.00024	0.0004879066
10965.99976	0.0004916134
10968.00049	0.000493027
10970	0.0004934905
10971.99951	0.0004940069
10974.00024	0.0004939252
10975.99976	0.0004943928
10978.00049	0.0004955899
10980	0.0004960551
10981.99951	0.000494526
10984.00024	0.0004958101
10985.99976	0.0004943216
10988.00049	0.0004927849
10990	0.0004921044
10991.99951	0.0004933368
10994.00024	0.0004916128
10995.99976	0.0004905661
10998.00049	0.0004908646
11000	0.0004866629
11001.99951	0.0004882506
11004.00024	0.0004858147
11005.99976	0.0004846559
11008.00049	0.0004825248
11010	0.0004808146
11011.99951	0.0004788773
11014.00024	0.0004772145
11015.99976	0.0004757522
11018.00049	0.0004735302
11020	0.0004720431
11021.99951	0.0004693456
11024.00024	0.0004647936
11025.99976	0.0004657255
11028.00049	0.0004614385
11030	0.0004608854
11031.99951	0.0004578435
11034.00024	0.0004549439
11035.99976	0.0004541
11038.00049	0.000450983
11040	0.000446844
11041.99951	0.0004464278
11044.00024	0.0004443711
11045.99976	0.0004402034
11048.00049	0.0004403219
11050	0.0004366144
11051.99951	0.0004356482
11054.00024	0.0004322433
11055.99976	0.0004292091
11058.00049	0.0004292808
11060	0.0004258863
11061.99951	0.0004249786
11064.00024	0.0004227022
11065.99976	0.0004211121
11068.00049	0.0004174019
11070	0.0004173271
11071.99951	0.0004164608
11074.00024	0.000414865
11075.99976	0.0004134012
11078.00049	0.0004145552
11080	0.0004138733
11081.99951	0.0004135265
11084.00024	0.0004125711
11085.99976	0.0004158425
11088.00049	0.0004145695
11090	0.0004163314
11091.99951	0.0004190863
11094.00024	0.000422112
11095.99976	0.0004242153
11098.00049	0.0004259802
11100	0.000430123
11101.99951	0.0004351819
11104.00024	0.0004387786
11105.99976	0.0004427997
11108.00049	0.000445574
11110	0.0004516124
11111.99951	0.0004567382
11114.00024	0.0004619396
11115.99976	0.0004678452
11118.00049	0.0004713627
11120	0.0004792446
11121.99951	0.0004843184
11124.00024	0.0004917651
11125.99976	0.0004972365
11128.00049	0.0005047424
11130	0.0005111952
11131.99951	0.0005156635
11134.00024	0.000524541
11135.99976	0.0005305603
11138.00049	0.0005389089
11140	0.0005469147
11141.99951	0.0005548121
11144.00024	0.0005633356
11145.99976	0.0005757561
11148.00049	0.0005845366
11150	0.0005962233
11151.99951	0.0006086571
11154.00024	0.0006235787
11155.99976	0.000634155
11158.00049	0.0006487954
11160	0.0006671105
11161.99951	0.0006815455
11164.00024	0.0007011898
11165.99976	0.0007157043
11168.00049	0.0007388771
11170	0.0007557274
11171.99951	0.0007801449
11174.00024	0.0007950976
11175.99976	0.0008216902
11178.00049	0.0008471934
11180	0.0008719038
11181.99951	0.0008936116
11184.00024	0.0009262765
11185.99976	0.0009515616
11188.00049	0.0009793478
11190	0.0010059278
11191.99951	0.0010332519
11194.00024	0.0010708711
11195.99976	0.0010980711
11198.00049	0.0011322859
11200	0.0011606669
11201.99951	0.0012012362
11204.00024	0.0012310422
11205.99976	0.0012704536
11208.00049	0.0013028206
11210	0.0013512912
11211.99951	0.0013969034
11214.00024	0.0014395247
11215.99976	0.0014832346
11218.00049	0.0015270092
11220	0.0015840507
11221.99951	0.0016322328
11224.00024	0.0016883969
11225.99976	0.0017399484
11228.00049	0.0018093115
11230	0.0018692428
11231.99951	0.001935723
11234.00024	0.0019940743
11235.99976	0.0020636696
11238.00049	0.0021355623
11240	0.0022108388
11241.99951	0.0022783582
11244.00024	0.00234868
11245.99976	0.0024360314
11248.00049	0.0025039279
11250	0.0025805902
11251.99951	0.0026436323
11254.00024	0.0027333978
11255.99976	0.0028037879
11258.00049	0.0028863522
11260	0.0029498363
11261.99951	0.003035627
11264.00024	0.0031153634
11265.99976	0.0031898975
11268.00049	0.0032629257
11270	0.0033300632
11271.99951	0.003417733
11274.00024	0.0034874725
11275.99976	0.0035610536
11278.00049	0.0036243886
11280	0.0037141433
11281.99951	0.0037871432
11284.00024	0.0038717806
11285.99976	0.0039480889
11288.00049	0.0040365654
11290	0.0041201487
11291.99951	0.0042107907
11294.00024	0.0042875648
11295.99976	0.0043798253
11298.00049	0.0044857091
11300	0.0045749411
11301.99951	0.0046739042
11304.00024	0.0047630483
11305.99976	0.0048828894
11308.00049	0.0049801815
11310	0.0051016456
11311.99951	0.0052046019
11314.00024	0.0053483278
11315.99976	0.0054794514
11318.00049	0.005619393
11320	0.0057473278
11321.99951	0.005887996
11324.00024	0.006050517
11325.99976	0.0062021655
11328.00049	0.0063672328
11330	0.0065152353
11331.99951	0.0067273408
11334.00024	0.0069124627
11335.99976	0.0071198541
11338.00049	0.007291646
11340	0.007518
11341.99951	0.0077329308
11344.00024	0.0079858881
11345.99976	0.0081885982
11348.00049	0.0084568423
11350	0.0087349033
11351.99951	0.0089866233
11354.00024	0.0092752838
11355.99976	0.0095129025
11358.00049	0.0098398829
11360	0.0101088822
11361.99951	0.0104319787
11364.00024	0.0106788766
11365.99976	0.0110518622
11368.00049	0.0113691366
11370	0.0117324245
11371.99951	0.0120186651
11374.00024	0.0123693621
11375.99976	0.0127457953
11378.00049	0.013065145
11380	0.013409574
11381.99951	0.013748368
11384.00024	0.0141869545
11385.99976	0.014538455
11388.00049	0.0149860978
11390	0.0153312254
11391.99951	0.0157991588
11394.00024	0.016225251
11395.99976	0.0167342186
11398.00049	0.0171304846
11400	0.0176657116
11401.99951	0.0182391202
11404.00024	0.0188180912
11405.99976	0.019355396
11408.00049	0.0199239218
11410	0.0206224561
11411.99951	0.0212444115
11414.00024	0.0219353223
11415.99976	0.022538476
11418.00049	0.0234494352
11420	0.0242059517
11421.99951	0.0250477457
11424.00024	0.0257780433
11425.99976	0.0267188287
11428.00049	0.0275961781
11430	0.0284957838
11431.99951	0.0293035317
11434.00024	0.0301889682
11435.99976	0.0313166046
11438.00049	0.0321794272
11440	0.0331620455
11441.99951	0.0340102363
11444.00024	0.0350603342
11445.99976	0.0360153174
11448.00049	0.0370386624
11450	0.0379478145
11451.99951	0.0390729356
11454.00024	0.0402256107
11455.99976	0.0412561989
11458.00049	0.0423836947
11460	0.043409543
11461.99951	0.0448225832
11464.00024	0.0459275818
11465.99976	0.0472776508
11468.00049	0.0484587002
11470	0.0501307488
11471.99951	0.0516374302
11474.00024	0.0533110857
11475.99976	0.0548589134
11478.00049	0.0565285206
11480	0.0583761263
11481.99951	0.0603009987
11484.00024	0.0621563292
11485.99976	0.064145484
11488.00049	0.066767664
11490	0.0688838816
11491.99951	0.0714200497
11494.00024	0.0734520531
11495.99976	0.0763455916
11498.00049	0.0788233185
11500	0.0811229229

