# JD,t_rest ,T, T_down, T_up, R, R_down, R_up,L,L_down,L_up, chi2/dof,Psudo_L_bol, Pseudo_L_bol_err,L_bol_w_extrap,L_bol_w_extrap_err
2.456572578666670248e+06,1.026497541852004147e+00,2.606847332314520099e+04,2.430407503050759260e+04,2.783287161578280939e+04,2.211883095803807812e+14,2.069916362773027812e+14,2.353849828834587812e+14,1.609934959654325900e+43,1.367189598827842467e+43,1.852680320480809333e+43,2.305655477536026954e+00,4.104187052918848404e+42,6.095301854882295510e+39,1.511516698033960858e+43,1.660242417268061825e+42
2.456572778666700236e+06,1.224154350375544320e+00,2.299616348232470773e+04,2.118251088824560793e+04,2.480981607640380753e+04,2.574294521103595312e+14,2.364626084584515625e+14,2.783962957622675000e+14,1.320564490742139405e+43,1.102807703142121991e+43,1.538321278342156819e+43,4.049780746394296749e+00,3.932072223278521128e+42,5.604596365131072612e+39,1.189711783428950954e+43,1.313422062103959239e+42
2.456572978666699957e+06,1.421811128985724038e+00,2.252370133230059582e+04,1.816893393075592030e+04,2.687846873384527134e+04,2.523264337342893750e+14,2.044344239583862500e+14,3.002184435101925000e+14,1.167632405378662386e+43,6.888130858569587749e+42,1.646451724900365997e+43,2.171483980559533578e+01,4.008800306720503482e+42,5.644038463812201309e+39,1.089755485018502180e+43,2.824926176292022992e+42
2.456573178666700143e+06,1.619467908056108962e+00,2.151655295350772940e+04,1.763029700834889081e+04,2.540280889866656798e+04,2.719986124476440625e+14,2.226697253549646562e+14,3.213274995403235000e+14,1.129914975076091507e+43,7.046640009913041554e+42,1.555165949160878860e+43,2.137208986955245393e+01,4.162500763497460882e+42,5.759599299162778481e+39,1.049430899187930715e+43,2.383024865369900681e+42
2.456573378666700330e+06,1.817124687126494109e+00,2.065989933776629914e+04,1.714793313396466328e+04,2.417186554156793500e+04,2.915693458404198750e+14,2.408149677786571875e+14,3.423237239021825625e+14,1.103616360987348941e+43,7.188710779133194201e+42,1.488361644061378462e+43,2.111184387116888672e+01,4.316201220274417664e+42,5.876217843028698682e+39,1.020483218350768112e+43,2.052916528204710670e+42
2.456573578666700050e+06,2.014781465736673827e+00,1.991506296174326781e+04,1.671028201362043183e+04,2.311984390986610379e+04,3.111671013557335625e+14,2.590070614484956562e+14,3.633271412629715000e+14,1.085264717931818408e+43,7.321524403687569929e+42,1.438376995494879824e+43,2.092740188858662975e+01,4.469901676693512595e+42,5.993832357776860983e+39,9.994590809762001640e+42,1.797576550080503043e+42
2.456573778666700236e+06,2.212438244807058751e+00,1.807490394107915927e+04,1.549579256228403028e+04,2.065401531987428825e+04,3.526595186789848750e+14,2.987588465593376250e+14,4.065601907986321250e+14,9.458816781515700385e+42,6.793658289937421783e+42,1.212397527309397899e+43,2.054047119123607956e+01,4.836874187806573390e+42,6.091551904632606662e+39,8.837534952854080407e+42,1.127260516756171913e+42
2.456574778666700236e+06,3.200722139238573405e+00,1.638803479744372817e+04,1.445812290405009844e+04,1.831794669083735789e+04,4.157404056608611250e+14,3.598338989457612500e+14,4.716469123759610000e+14,8.883284707446502193e+42,6.932946403959515166e+42,1.083362301093348922e+43,1.802992371874260868e+01,5.035097064411024462e+42,5.969399335151660887e+39,8.169360645221938530e+42,6.881580985629777005e+41
2.456575778666700236e+06,4.189006033670088058e+00,1.453626822008476483e+04,1.338735767347592446e+04,1.568517876669360521e+04,4.959476919427903750e+14,4.468313485745810625e+14,5.450640353109996875e+14,7.825373208445422840e+42,6.762572871194643175e+42,8.888173545696202505e+42,1.225767859781040769e+01,4.790471967364603650e+42,5.010097871774857585e+39,6.915200483434801863e+42,2.886127525299762617e+41
2.456576778666700236e+06,5.177289928101601824e+00,1.305548930289943746e+04,1.223856346219294210e+04,1.387241514360593283e+04,5.728987973146477500e+14,5.242804092770259375e+14,6.215171853522696250e+14,6.794383161674875114e+42,6.115721979917512609e+42,7.473044343432237619e+42,1.039731102240137695e+01,4.527456268380357825e+42,4.239994738251690392e+39,5.932013080308981544e+42,1.403590853722219947e+41
2.456577778666700236e+06,6.165573822533116477e+00,1.233389333114483452e+04,1.158715882614925431e+04,1.308062783614041473e+04,6.229426756373532500e+14,5.698013511562475000e+14,6.760840001184590000e+14,6.399094459670851054e+42,5.809043760950822464e+42,6.989145158390879645e+42,1.039449201529647127e+01,4.457662055102625290e+42,4.024963243222195996e+39,5.588012902618523067e+42,1.043056072342283967e+41
2.456578778666700236e+06,7.153857716964631130e+00,1.149420274038251046e+04,1.090377634109530118e+04,1.208462913966971973e+04,6.879026297993211250e+14,6.350594332628081250e+14,7.407458263358341250e+14,5.885602842387802998e+42,5.447124344080165149e+42,6.324081340695440846e+42,8.818468902989099689e+00,4.245893641970284071e+42,3.587814460445293066e+39,5.093807931390478668e+42,6.327157650151408912e+40
2.456579778666700236e+06,8.142141611396144896e+00,1.085366063143655447e+04,1.039209720071271113e+04,1.131522406216039781e+04,7.408576173870417500e+14,6.915597344054308750e+14,7.901555003686526250e+14,5.427452786120981691e+42,5.105287412458527658e+42,5.749618159783436343e+42,6.864668634656151625e+00,3.987801447106244755e+42,3.186465288812973907e+39,4.648418661693587484e+42,3.934248985576959619e+40
2.456580778666700236e+06,9.130425505827659549e+00,1.031589602284879584e+04,9.945195094971995786e+03,1.068659695072559589e+04,7.925541752099971250e+14,7.463864169382958750e+14,8.387219334816983750e+14,5.068825512114400608e+42,4.820715052675555460e+42,5.316935971553245755e+42,5.474084792714315917e+00,3.766780309458589065e+42,2.885432907417001026e+39,4.299667008208172500e+42,2.624301485403493296e+40
2.456581778667000122e+06,1.011870969663154973e+01,9.955512744596857374e+03,9.633630026430437283e+03,1.027739546276327746e+04,8.296087498797858750e+14,7.848290954381061250e+14,8.743884043214656250e+14,4.817511711647646572e+42,4.608266972237654989e+42,5.026756451057638154e+42,4.912394505012229295e+00,3.611714226138317893e+42,2.638936499495440101e+39,4.070973709106632798e+42,2.012136572662635364e+40
2.456582778667000122e+06,1.110699359106306261e+01,9.569851946726254027e+03,9.287079946806505177e+03,9.852623946646002878e+03,8.732646942856833750e+14,8.287477935056900000e+14,9.177815950656767500e+14,4.557579791702594989e+42,4.378294638061280799e+42,4.736864945343909179e+42,4.599831363810445772e+00,3.456648189320160672e+42,2.403799005095085722e+39,3.849383519225735507e+42,1.563523112238186077e+40
2.456587778667000122e+06,1.604841306322063588e+01,8.300166402865890632e+03,8.128112297065207713e+03,8.472220508666574460e+03,9.969991741452145000e+14,9.570765090571330000e+14,1.036921839233296000e+15,3.361695670537898047e+42,3.263764169512457415e+42,3.459627171563338679e+42,3.391747228416136295e+00,2.628012616923144854e+42,1.641124465525922231e+39,2.854877827459399052e+42,6.809654874251545439e+39
2.456592778667000122e+06,2.098983253537820914e+01,7.465556576993337330e+03,7.286294702672448693e+03,7.644818451314225968e+03,1.111690207021169250e+15,1.056316062836851250e+15,1.167064351205487250e+15,2.735507594422667019e+42,2.634735119143925897e+42,2.836280069701408142e+42,5.540455464862726664e+00,2.158811846516983916e+42,1.324619506908258814e+39,2.340921279664791587e+42,6.838192234102131553e+39
2.456597778667000122e+06,2.593125200753577886e+01,6.642265192629536614e+03,6.439045311564531403e+03,6.845485073694541825e+03,1.319701124921736250e+15,1.261577968439497250e+15,1.377824281403975250e+15,2.415670066105508943e+42,2.289426756781598179e+42,2.541913375429419707e+42,1.149558797677603295e+01,1.703756160491657882e+42,9.817089544308039579e+38,2.218381151919259933e+42,2.691229688167744801e+40
2.456602778667000122e+06,3.087267147969335213e+01,6.324783358418380885e+03,6.003417011642785837e+03,6.646149705193975933e+03,1.377170470864006250e+15,1.235436321581279750e+15,1.518904620146732750e+15,2.162617046501286376e+42,2.029204885248210518e+42,2.296029207754362233e+42,1.475152517801114627e+01,1.588658773558070024e+42,9.443208892304497875e+38,2.018064627658555744e+42,2.650693607282318505e+40
2.456607778667000122e+06,3.581409095185092184e+01,6.006032947529547528e+03,5.660571824990890491e+03,6.351494070068204564e+03,1.473813599502149250e+15,1.284192270391414750e+15,1.663434928612883750e+15,2.013991165177764931e+42,1.855530367689152912e+42,2.172451962666376951e+42,1.929755505808268978e+01,1.530423727690174687e+42,9.260118535637491981e+38,1.907066595371959732e+42,2.964872019636738924e+40
2.456612778667000122e+06,4.075551042400849866e+01,5.887178311673126700e+03,5.508864272313807305e+03,6.265492351032446095e+03,1.497652961427818250e+15,1.279451148947315250e+15,1.715854773908321250e+15,1.919874055695664321e+42,1.750194123594233842e+42,2.089553987797094800e+42,2.177509970457625599e+01,1.457218362558764882e+42,9.201829104967181092e+38,1.809721666035387525e+42,3.116809693717137053e+40
2.456617778667000122e+06,4.569692989616606837e+01,5.783603099218904390e+03,5.382508510614009538e+03,6.184697687823799242e+03,1.521083950549285250e+15,1.284207771737155500e+15,1.757960129361415000e+15,1.844683638165596871e+42,1.671258699246849417e+42,2.018108577084344325e+42,2.580264786556695356e+01,1.433183113415594179e+42,8.826980591449341111e+38,1.767223914331806930e+42,3.141670664923144955e+40
2.456622778667000122e+06,5.063834936832363809e+01,5.584322207310981867e+03,5.196401220803796605e+03,5.972243193818167128e+03,1.623304871359484500e+15,1.363328314978083250e+15,1.883281427740885750e+15,1.826012131408424206e+42,1.643902735537278831e+42,2.008121527279569581e+42,2.761418660027661076e+01,1.434556411732665295e+42,8.765370874698128896e+38,1.758643990393242248e+42,3.233335163814583909e+40
2.456627778667000122e+06,5.557976884048121491e+01,5.430724762021573042e+03,5.038034486079593080e+03,5.823415037963553004e+03,1.693889806386674250e+15,1.406388470480699750e+15,1.981391142292648750e+15,1.778373917043266782e+42,1.587051240325295717e+42,1.969696593761237847e+42,3.156910469465728042e+01,1.416090003854637654e+42,8.558845915115234947e+38,1.728972375535150182e+42,3.367168172692316457e+40
