jd,flux,fluxerr,AB_MAG,AB_MAG_ERR,absmag,absmagerr,filter,instrument,piv_wl
0.0,1.843286208606369e-17,3.2262669851995556e-18,20.39,0.19,-16.140972305611236,0.19,r_p48,P48+ZTF,6421.166992940606
1.0230000000447035,7.007978708960687e-17,6.4557499866945856e-18,18.94,0.1,-17.590972305611235,0.1,r_p48,P48+ZTF,6421.166992940606
1.0422999998554587,3.430912393564777e-17,4.740834745427809e-18,19.25,0.15,-17.280972305611236,0.15,i_p48,P48+ZTF,7956.1971673128655
1.053499999921769,7.863996286688935e-17,2.173294013789354e-18,18.9,0.03,-17.630972305611238,0.03,r_sdss,P60+SEDM,6174.31385020061
1.1554000000469387,8.622700462905301e-17,1.5886463332856725e-18,18.8,0.02,-17.730972305611235,0.02,r_sdss,P60+SEDM,6174.31385020061
1.1581000001169741,1.8547133324063186e-16,1.7085619218127006e-18,18.56,0.01,-17.970972305611237,0.01,g_sdss,P60+SEDM,4701.884477199233
1.1607999997213483,4.9198689165041464e-17,9.064366491767239e-19,18.99,0.02,-17.540972305611238,0.02,i_sdss,P60+SEDM,7489.168218070939
1.163399999961257,4.354888914285004e-16,2.4070342007036074e-17,18.24,0.06,-18.290972305611238,0.06,u_sdss,P60+SEDM,3555.672974130721
1.3596999999135733,9.673697874289668e-16,7.684482902149029e-17,18.06964282113823,0.08623194855457507,-18.461329484473005,0.08623194855457507,UVW1,Swift+UVOT,2580.3910534803363
1.3611999996937811,5.412202033212858e-16,4.778757845662723e-17,18.05882749916103,0.09584889151340319,-18.472144806450206,0.09584889151340319,u_swift,Swift+UVOT,3467.0320116445123
1.362199999857694,2.83966171809825e-16,3.5672856429421864e-17,18.266618015142647,0.1363695319672127,-18.26435429046859,0.1363695319672127,b_swift,Swift+UVOT,4349.641314341636
1.3644999996758997,1.5255259703566816e-15,1.1146446247867216e-16,18.069280403413437,0.07931638119694885,-18.4616919021978,0.07931638119694885,UVW2,Swift+UVOT,2055.1544609708008
1.3668999997898936,7.298914110393715e-17,3.810270547044622e-17,19.26175609710372,0.5666874976557256,-17.269216208507515,0.5666874976557256,v_swift,Swift+UVOT,5425.378043562354
1.3689000001177192,1.4262965374951723e-15,1.0723544974728008e-16,17.949305228931,0.08161587111509917,-18.581667076680237,0.08161587111509917,UVM2,Swift+UVOT,2246.179150541018
1.4126999997533858,9.730054488199972e-16,7.811115774481537e-17,18.063335939148356,0.08714528072456568,-18.46763636646288,0.08714528072456568,UVW1,Swift+UVOT,2580.3910534803363
1.414099999703467,5.293574752577418e-16,4.871089839828512e-17,18.082889873663333,0.09989026377684693,-18.448082431947903,0.09989026377684693,u_swift,Swift+UVOT,3467.0320116445123
1.4150999998673797,2.920883410352988e-16,3.632612725345891e-17,18.235998976708498,0.1350053405289412,-18.29497332890274,0.1350053405289412,b_swift,Swift+UVOT,4349.641314341636
1.4174999999813735,1.6386348795535397e-15,1.1883334444599133e-16,17.99162392969812,0.07872310149542036,-18.539348375913114,0.07872310149542036,UVW2,Swift+UVOT,2055.1544609708008
1.4199000000953674,1.3907967784625464e-16,4.2536238353126244e-17,18.56174253984571,0.33200259294095913,-17.969229765765526,0.33200259294095913,v_swift,Swift+UVOT,5425.378043562354
1.421800000127405,1.1991027828912926e-15,9.643822102838892e-17,18.137688771456393,0.08730494644528362,-18.393283534154843,0.08730494644528362,UVM2,Swift+UVOT,2246.179150541018
1.989399999845773,1.0904174018162934e-16,6.0269550633190176e-18,18.46,0.06,-18.070972305611235,0.06,r_p48,P48+ZTF,6421.166992940606
2.0213999999687076,1.0804203949865575e-16,5.9716996071697005e-18,18.47,0.06,-18.060972305611237,0.06,r_p48,P48+ZTF,6421.166992940606
2.048200000077486,1.0084242940314541e-16,2.7868813789853267e-18,18.63,0.03,-17.900972305611237,0.03,r_sdss,P60+SEDM,6174.31385020061
2.075399999972433,1.234932726203342e-16,2.2752400547570373e-18,18.41,0.02,-18.120972305611236,0.02,r_sdss,P60+SEDM,6174.31385020061
2.0786999999545515,6.667354265801405e-17,1.2283933499312508e-18,18.66,0.02,-17.870972305611236,0.02,i_sdss,P60+SEDM,7489.168218070939
2.0803000000305474,5.4824803197340985e-16,3.030276522323431e-17,17.99,0.06,-18.540972305611238,0.06,u_sdss,P60+SEDM,3555.672974130721
2.09029999980703,2.6319289771750267e-16,1.6971730816415445e-17,18.14,0.07,-18.390972305611236,0.07,g_p48,P48+ZTF,4789.313527877863
2.2955999998375773,1.062065863556254e-15,8.192010949405374e-17,17.968245494533544,0.08373078148886641,-18.56272681107769,0.08373078148886641,UVW1,Swift+UVOT,2580.3910534803363
2.2971000000834465,6.382645135793858e-16,5.2116884340968384e-17,17.87976075173607,0.08863878948810582,-18.651211553875164,0.08863878948810582,u_swift,Swift+UVOT,3467.0320116445123
2.2979999999515712,3.228322459404437e-16,3.7964065740020684e-17,18.127342263116006,0.12765619045314303,-18.40363004249523,0.12765619045314303,b_swift,Swift+UVOT,4349.641314341636
2.300400000065565,1.5445245207581291e-15,1.137418661835655e-16,18.055842398150528,0.07994137478149074,-18.47512990746071,0.07994137478149074,UVW2,Swift+UVOT,2055.1544609708008
2.3027999997138977,1.5464958722708677e-16,4.29386790491186e-17,18.446529817029166,0.3014018997424341,-18.08444248858207,0.3014018997424341,v_swift,Swift+UVOT,5425.378043562354
2.3035999997518957,1.1686201879398048e-15,1.8643450895340513e-16,18.16564633748282,0.17318050009135577,-18.365325968128417,0.17318050009135577,UVM2,Swift+UVOT,2246.179150541018
2.3415999999269843,1.0134450357233273e-15,7.787522465519532e-17,18.01912362077224,0.08341519772321208,-18.511848684838995,0.08341519772321208,UVW1,Swift+UVOT,2580.3910534803363
2.343099999707192,6.451151844107222e-16,5.374122826520721e-17,17.868169338831468,0.09043080451909576,-18.66280296677977,0.09043080451909576,u_swift,Swift+UVOT,3467.0320116445123
2.344099999871105,3.1718743432484166e-16,3.7201745698073874e-17,18.146494596869015,0.1273190579034714,-18.38447770874222,0.1273190579034714,b_swift,Swift+UVOT,4349.641314341636
2.346399999689311,1.7800350885773325e-15,1.2895977627867718e-16,17.901758008613584,0.07864511981531401,-18.629214296997652,0.07864511981531401,UVW2,Swift+UVOT,2055.1544609708008
2.973699999973178,2.9941542187836585e-16,1.9307504064404547e-17,18.0,0.07,-18.530972305611236,0.07,g_p48,P48+ZTF,4789.313527877863
2.9973999997600913,2.9667036479062885e-16,1.639756440270764e-17,18.01,0.06,-18.520972305611235,0.06,g_p48,P48+ZTF,4789.313527877863
3.064900000113994,1.3231003177168784e-16,7.31304007608473e-18,18.25,0.06,-18.280972305611236,0.06,r_p48,P48+ZTF,6421.166992940606
3.0951999998651445,1.59824479872286e-16,5.8892124343339944e-18,18.13,0.04,-18.400972305611237,0.04,r_sdss,P60+SEDM,6174.31385020061
3.117199999745935,1.417892481895393e-16,3.918487662966108e-18,18.26,0.03,-18.270972305611235,0.03,r_sdss,P60+SEDM,6174.31385020061
3.118799999821931,9.295586442403408e-17,4.28154711537101e-18,19.31,0.05,-17.220972305611237,0.05,g_sdss,P60+SEDM,4701.884477199233
3.120499999728054,8.090093328223456e-17,1.4905187947918895e-18,18.45,0.02,-18.080972305611237,0.02,i_sdss,P60+SEDM,7489.168218070939
3.89089999999851,1.0413556500498002e-15,8.140310601195609e-17,17.98962642567238,0.08485705769612209,-18.541345879938856,0.08485705769612209,UVW1,Swift+UVOT,2580.3910534803363
3.892299999948591,7.347326375369246e-16,5.65396312008714e-17,17.72693916926533,0.08353523717026573,-18.804033136345907,0.08353523717026573,u_swift,Swift+UVOT,3467.0320116445123
3.8933000001125038,3.8832686222939804e-16,4.0047425399469813e-17,17.926790947907158,0.11194977837926134,-18.60418135770408,0.11194977837926134,b_swift,Swift+UVOT,4349.641314341636
3.895500000100583,1.3387906389938307e-15,1.0268410626979507e-16,18.21104774932373,0.08326004305952872,-18.319924556287507,0.08326004305952872,UVW2,Swift+UVOT,2055.1544609708008
3.957599999848753,1.0766877914283074e-15,8.092142975749855e-17,17.953399648416948,0.08158678685492896,-18.57757265719429,0.08158678685492896,UVW1,Swift+UVOT,2580.3910534803363
3.9589999997988343,7.076414559801402e-16,5.670554481575434e-17,17.76772933092343,0.08698779668446667,-18.763242974687806,0.08698779668446667,u_swift,Swift+UVOT,3467.0320116445123
3.959999999962747,3.90794790751778e-16,3.994262735887732e-17,17.91991261690711,0.11095169296935185,-18.611059688704128,0.11095169296935185,b_swift,Swift+UVOT,4349.641314341636
3.9619999998249114,1.3219154486775656e-15,1.0378647572095201e-16,18.2248202218649,0.08522816883454834,-18.306152083746337,0.08522816883454834,UVW2,Swift+UVOT,2055.1544609708008
3.9767999998293817,1.59824479872286e-16,4.416909325750496e-18,18.13,0.03,-18.400972305611237,0.03,r_sdss,P60+SEDM,6174.31385020061
3.9800999998115003,9.461359220651283e-17,1.7431608228127925e-18,18.28,0.02,-18.250972305611235,0.02,i_sdss,P60+SEDM,7489.168218070939
4.001499999780208,9.62453523169537e-16,7.625955603793265e-17,18.075174703374774,0.08601230310314435,-18.455797602236462,0.08601230310314435,UVW1,Swift+UVOT,2580.3910534803363
4.003000000026077,8.5453859575476075e-16,6.39523932548688e-17,17.562933292719034,0.08124023846345381,-18.968039012892202,0.08124023846345381,u_swift,Swift+UVOT,3467.0320116445123
4.003899999894202,4.185831566534409e-16,4.200372572414235e-17,17.845330159884362,0.10893116186646361,-18.685642145726874,0.10893116186646361,b_swift,Swift+UVOT,4349.641314341636
4.004600000102073,1.2878476931572616e-15,2.2543371061564023e-16,18.253168155998228,0.19002048658858683,-18.277804149613008,0.19002048658858683,UVW2,Swift+UVOT,2055.1544609708008
4.015699999872595,3.2529258643477137e-16,1.498297653118557e-17,17.91,0.05,-18.620972305611236,0.05,g_p48,P48+ZTF,4789.313527877863
4.025399999693036,9.909067989139217e-16,7.889142717860476e-17,18.043542099326608,0.08642573370827947,-18.48743020628463,0.08642573370827947,UVW1,Swift+UVOT,2580.3910534803363
4.02669999981299,6.314534731569235e-16,6.043786448777881e-17,17.8914091085949,0.1038995878881487,-18.639563197016336,0.1038995878881487,u_swift,Swift+UVOT,3467.0320116445123
4.084100000094622,9.430033413566673e-16,7.601336362656512e-17,18.097341040993154,0.08750296916347722,-18.433631264618082,0.08750296916347722,UVW1,Swift+UVOT,2580.3910534803363
4.085099999792874,4.4324454084471413e-16,1.7244632309845438e-16,18.275654010946894,0.42233455273370285,-18.25531829466434,0.42233455273370285,u_swift,Swift+UVOT,3467.0320116445123
4.126600000075996,3.2231028607636225e-16,1.7814734132012695e-17,17.92,0.06,-18.610972305611234,0.06,g_p48,P48+ZTF,4789.313527877863
5.002299999818206,1.6054351735643343e-16,1.0352488173212256e-17,18.04,0.07,-18.490972305611237,0.07,r_p48,P48+ZTF,6421.166992940606
5.044499999843538,8.306338561627479e-17,4.5910794497827404e-18,18.29,0.06,-18.240972305611237,0.06,i_p48,P48+ZTF,7956.1971673128655
5.119500000029802,3.2231028607636225e-16,1.7814734132012695e-17,17.92,0.06,-18.610972305611234,0.06,g_p48,P48+ZTF,4789.313527877863
5.122800000011921,1.720454928689969e-16,3.1697661606183984e-18,18.05,0.02,-18.480972305611235,0.02,r_sdss,P60+SEDM,6174.31385020061
5.214799999725074,1.0384972923278125e-15,8.790509181523361e-17,17.99261069860391,0.0918871399554274,-18.538361607007324,0.0918871399554274,UVW1,Swift+UVOT,2580.3910534803363
5.215799999888986,6.752917036550348e-16,7.045124071456011e-17,17.818533963911698,0.11325132775514127,-18.71243834169954,0.11325132775514127,u_swift,Swift+UVOT,3467.0320116445123
5.216299999970943,4.966399573952316e-16,5.846737608259163e-17,17.659680386921345,0.12779622243909702,-18.87129191868989,0.12779622243909702,b_swift,Swift+UVOT,4349.641314341636
5.217799999751151,1.092479877599243e-15,9.647001766677333e-17,18.431795800848107,0.09585725369581155,-18.09917650476313,0.09585725369581155,UVW2,Swift+UVOT,2055.1544609708008
5.21929999999702,2.7003035958287876e-16,6.506772947552841e-17,17.84137024309738,0.2615767432734444,-18.689602062513856,0.2615767432734444,v_swift,Swift+UVOT,5425.378043562354
5.221599999815226,1.037286073034705e-15,7.881939879870389e-17,18.29508343133455,0.08248607556414886,-18.235888874276686,0.08248607556414886,UVM2,Swift+UVOT,2246.179150541018
5.287699999753386,8.551370423393662e-16,7.839430891354957e-17,18.20353482154055,0.09951645275536465,-18.327437484070686,0.09951645275536465,UVW1,Swift+UVOT,2580.3910534803363
5.2886999999172986,7.411964228610429e-16,7.40254724397874e-17,17.71742921271985,0.1084161407573036,-18.813543092891386,0.1084161407573036,u_swift,Swift+UVOT,3467.0320116445123
5.289199999999255,4.271835195565278e-16,5.5011271875338087e-17,17.823248307974982,0.13979230541785745,-18.707723997636254,0.13979230541785745,b_swift,Swift+UVOT,4349.641314341636
5.289899999741465,1.1668020178026405e-15,1.536649534338026e-16,18.36033648821168,0.14296302464709515,-18.170635817399557,0.14296302464709515,UVW2,Swift+UVOT,2055.1544609708008
5.5507999998517334,9.543455522148164e-16,1.009914041812808e-16,18.084359985472993,0.11487481568539787,-18.446612320138243,0.11487481568539787,UVW1,Swift+UVOT,2580.3910534803363
5.551500000059605,6.224897809202995e-16,8.372064103291992e-17,17.90693193378476,0.14599782618031676,-18.624040371826474,0.14599782618031676,u_swift,Swift+UVOT,3467.0320116445123
5.551800000015646,3.7290229219195957e-16,6.490192239810709e-17,17.97079689955321,0.18893332973721816,-18.560175406058026,0.18893332973721816,b_swift,Swift+UVOT,4349.641314341636
5.552699999883771,1.1848515189014657e-15,1.1854512639920844e-16,18.34366959290287,0.10860900753634489,-18.187302712708366,0.10860900753634489,UVW2,Swift+UVOT,2055.1544609708008
5.553700000047684,1.9387035304009184e-16,7.511528298429719e-17,18.201123227059675,0.42059390733338214,-18.32984907855156,0.42059390733338214,v_swift,Swift+UVOT,5425.378043562354
5.554699999745935,1.1345271355480777e-15,1.112046687512414e-16,18.197792579264952,0.10640308104555851,-18.333179726346284,0.10640308104555851,UVM2,Swift+UVOT,2246.179150541018
5.6132999998517334,8.601392705049206e-16,7.815426998550485e-17,18.197202179295296,0.09863476297476763,-18.33377012631594,0.09863476297476763,UVW1,Swift+UVOT,2580.3910534803363
5.614300000015646,6.935840566857189e-16,7.187372105241732e-17,17.789514745604148,0.11249082424432333,-18.74145756000709,0.11249082424432333,u_swift,Swift+UVOT,3467.0320116445123
5.614800000097603,3.728329035003058e-16,5.14329272731508e-17,17.970998949330074,0.14975215483256635,-18.559973356281162,0.14975215483256635,b_swift,Swift+UVOT,4349.641314341636
5.6162999998778105,9.777463506057582e-16,9.015522209751489e-17,18.55226390784299,0.10009462449823728,-17.978708397768248,0.10009462449823728,UVW2,Swift+UVOT,2055.1544609708008
5.61780000012368,1.4606964705428239e-16,5.548927019934973e-17,18.508501780238383,0.4123776351702251,-18.022470525372853,0.4123776351702251,v_swift,Swift+UVOT,5425.378043562354
5.6200999999418855,9.350841654354331e-16,7.296782529041816e-17,18.407703041732596,0.08470845696819171,-18.12326926387864,0.08470845696819171,UVM2,Swift+UVOT,2246.179150541018
6.326200000010431,7.287381088670305e-16,5.4758962806789864e-17,18.377195416809407,0.081569876166182,-18.15377688880183,0.081569876166182,UVW1,Swift+UVOT,2580.3910534803363
6.328199999872595,5.947158774120676e-16,5.0011266396843263e-17,17.95648866635364,0.09128604457029618,-18.574483639257597,0.09128604457029618,u_swift,Swift+UVOT,3467.0320116445123
6.329299999866635,3.460387061081439e-16,3.742390565216414e-17,18.05197283324886,0.11740064983957997,-18.478999472362375,0.11740064983957997,b_swift,Swift+UVOT,4349.641314341636
6.332299999892712,8.560211977531131e-16,6.707495226478348e-17,18.69661811871097,0.08505932337327397,-17.834354186900267,0.08505932337327397,UVW2,Swift+UVOT,2055.1544609708008
6.335299999918789,1.6847583758859624e-16,4.328401481630338e-17,18.353557669527675,0.278891953011124,-18.17741463608356,0.278891953011124,v_swift,Swift+UVOT,5425.378043562354
6.339099999982864,8.415615892790872e-16,5.854034895967033e-17,18.522115035929687,0.07551191296952241,-18.00885726968155,0.07551191296952241,UVM2,Swift+UVOT,2246.179150541018
7.9038999998010695,1.9936242136514264e-16,5.509579876847082e-18,17.89,0.03,-18.640972305611236,0.03,r_sdss,P60+SEDM,6174.31385020061
7.92589999968186,1.9038963433499215e-16,3.5077386229878955e-18,17.94,0.02,-18.590972305611235,0.02,r_sdss,P60+SEDM,6174.31385020061
7.927600000053644,3.0780579635114063e-16,5.6710139919734144e-18,18.01,0.02,-18.520972305611235,0.02,g_sdss,P60+SEDM,4701.884477199233
7.92920000012964,1.1801943514170873e-16,2.1743900730508414e-18,18.04,0.02,-18.490972305611237,0.02,i_sdss,P60+SEDM,7489.168218070939
7.930900000035763,5.4824803197340985e-16,4.545414783485146e-17,17.99,0.09,-18.540972305611238,0.09,u_sdss,P60+SEDM,3555.672974130721
7.9462000001221895,3.406231537251636e-16,2.5102563936929655e-17,17.86,0.08,-18.670972305611237,0.08,g_p48,P48+ZTF,4789.313527877863
7.996599999722093,1.66568461232672e-16,9.206571989252248e-18,18.0,0.06,-18.530972305611236,0.06,r_p48,P48+ZTF,6421.166992940606
8.953499999828637,3.28302481678642e-16,2.1170257228565554e-17,17.9,0.07,-18.630972305611238,0.07,g_p48,P48+ZTF,4789.313527877863
9.381899999920279,5.218226934515916e-16,4.887297780065015e-17,18.73981671462697,0.10166978606542246,-17.791155590984268,0.10166978606542246,UVW1,Swift+UVOT,2580.3910534803363
9.383599999826401,4.562331538070376e-16,4.713739955037161e-17,18.244295395296867,0.11215660354036885,-18.28667691031437,0.11215660354036885,u_swift,Swift+UVOT,3467.0320116445123
9.3843999998644,3.6583589112296953e-16,4.139115659848895e-17,17.991568755305618,0.12281949919769823,-18.539403550305618,0.12281949919769823,b_swift,Swift+UVOT,4349.641314341636
9.38689999980852,5.071347329421158e-16,5.0509729821638123e-17,19.26502102749293,0.1081179395046472,-17.265951278118305,0.1081179395046472,UVW2,Swift+UVOT,2055.1544609708008
9.389299999922514,2.4204726684146193e-16,5.059351352001097e-17,17.960151272404577,0.22690325612745,-18.57082103320666,0.22690325612745,v_swift,Swift+UVOT,5425.378043562354
9.393099999986589,4.3126450445199574e-16,3.893969591625597e-17,19.247970511986818,0.09801553432278909,-17.28300179362442,0.09801553432278909,UVM2,Swift+UVOT,2246.179150541018
9.66440000012517,4.591087492477214e-16,5.823651684021214e-17,18.878835196931153,0.13769744856900198,-17.652137108680083,0.13769744856900198,UVW1,Swift+UVOT,2580.3910534803363
9.665299999993294,4.883677215693556e-16,6.342255569853343e-17,18.170395120064484,0.14097524483335777,-18.360577185546752,0.14097524483335777,u_swift,Swift+UVOT,3467.0320116445123
9.66580000007525,3.771244741126537e-16,5.502669478680856e-17,17.958572737949357,0.15839256089764478,-18.57239956766188,0.15839256089764478,b_swift,Swift+UVOT,4349.641314341636
9.667099999729544,4.642647142489106e-16,6.051125471197196e-17,19.360915224418353,0.14148700446847726,-17.170057081192883,0.14148700446847726,UVW2,Swift+UVOT,2055.1544609708008
9.668399999849498,1.6999525764676855e-16,6.148276480134739e-17,18.343809714844866,0.392611172028939,-18.18716259076637,0.392611172028939,v_swift,Swift+UVOT,5425.378043562354
9.670399999711663,4.516473843617341e-16,4.950352487173679e-17,19.19783105011307,0.11898239182461129,-17.333141255498166,0.11898239182461129,UVM2,Swift+UVOT,2246.179150541018
9.91399999987334,4.696354498161336e-16,4.590468189279119e-17,18.854221940881303,0.10610654691493267,-17.676750364729934,0.10610654691493267,UVW1,Swift+UVOT,2580.3910534803363
9.915699999779463,5.711135603626017e-16,5.273518131562754e-17,18.000456319265098,0.10023607264536337,-18.53051598634614,0.10023607264536337,u_swift,Swift+UVOT,3467.0320116445123
9.91649999981746,3.453235693118216e-16,4.099441826586433e-17,18.054218978911273,0.12886784837079204,-18.476753326699964,0.12886784837079204,b_swift,Swift+UVOT,4349.641314341636
9.918999999761581,4.038307016928466e-16,4.384134588214647e-17,19.51233108295069,0.11785027904006415,-17.018641222660545,0.11785027904006415,UVW2,Swift+UVOT,2055.1544609708008
9.921399999875575,1.8996616483311594e-16,4.794831860488236e-17,18.223211092508414,0.27399535362302396,-18.307761213102822,0.27399535362302396,v_swift,Swift+UVOT,5425.378043562354
9.925100000109524,3.5752693517671596e-16,3.54359463277778e-17,19.451557883648803,0.10759233676062496,-17.079414421962433,0.10759233676062496,UVM2,Swift+UVOT,2246.179150541018
10.059799999929965,4.767709743906159e-16,7.067251482266607e-17,18.837849600252387,0.1609113981549019,-17.69312270535885,0.1609113981549019,UVW1,Swift+UVOT,2580.3910534803363
10.060399999842048,5.061587197769664e-16,7.645834515601994e-17,18.131545691915917,0.1639774927763498,-18.39942661369532,0.1639774927763498,u_swift,Swift+UVOT,3467.0320116445123
10.060800000093877,3.267482626796347e-16,6.295881479042215e-17,18.11425131409765,0.20916515048370757,-18.416720991513586,0.20916515048370757,b_swift,Swift+UVOT,4349.641314341636
10.061699999962002,3.864119872212824e-16,6.16225722655635e-17,19.560202940504215,0.17311524029981054,-16.97076936510702,0.17311524029981054,UVW2,Swift+UVOT,2055.1544609708008
10.062599999830127,2.1242336687941153e-16,7.769102576347389e-17,18.101896009803582,0.3970220597673264,-18.429076295807654,0.3970220597673264,v_swift,Swift+UVOT,5425.378043562354
10.063999999780208,4.815090003724647e-16,6.048409217254946e-17,19.12831877526135,0.13635869238037532,-17.402653530349887,0.13635869238037532,UVM2,Swift+UVOT,2246.179150541018
11.456799999810755,3.7122406087950487e-16,5.261023711256488e-17,19.10953382683082,0.15384387581152448,-17.421438478780416,0.15384387581152448,UVW1,Swift+UVOT,2580.3910534803363
11.45769999967888,3.1620350806789875e-16,5.1059743807841945e-17,18.642345789824248,0.17529035407539276,-17.88862651578699,0.17529035407539276,u_swift,Swift+UVOT,3467.0320116445123
11.458199999760836,2.4811415401510247e-16,4.7772315190672426e-17,18.413155682114738,0.20901180694019067,-18.1178166234965,0.20901180694019067,b_swift,Swift+UVOT,4349.641314341636
11.459599999710917,2.28503648462512e-16,4.175416038124449e-17,20.1305965701089,0.1983593548072116,-16.400375735502337,0.1983593548072116,UVW2,Swift+UVOT,2055.1544609708008
11.460899999830872,1.0199347568430153e-16,5.441539338184396e-17,18.898470750674715,0.5791558562164413,-17.63250155493652,0.5791558562164413,v_swift,Swift+UVOT,5425.378043562354
11.46279999986291,2.64815600550548e-16,3.913922147999724e-17,19.777470883094097,0.16044075141346645,-16.75350142251714,0.16044075141346645,UVM2,Swift+UVOT,2246.179150541018
11.526499999687076,4.3301834803363185e-16,7.120453996184454e-17,18.942358372822884,0.17850379626696228,-17.588613932788352,0.17850379626696228,UVW1,Swift+UVOT,2580.3910534803363
11.526999999769032,3.946861401835749e-16,7.344938971081527e-17,18.401632809507266,0.20201442716437978,-18.12933949610397,0.20201442716437978,u_swift,Swift+UVOT,3467.0320116445123
11.527299999725074,2.4822925392093154e-16,6.018951554819338e-17,18.41265212697462,0.263217013074792,-18.118320178636615,0.263217013074792,b_swift,Swift+UVOT,4349.641314341636
11.528099999763072,2.8972741484645744e-16,5.94869208542447e-17,19.872855438577396,0.22288352568912773,-16.65811686703384,0.22288352568912773,UVW2,Swift+UVOT,2055.1544609708008
11.52889999980107,5.26889826649473e-17,6.397711050059144e-17,19.61560219705228,1.3181076452113345,-16.915370108558957,1.3181076452113345,v_swift,Swift+UVOT,5425.378043562354
11.530100000090897,1.8230743698415613e-16,4.135929456748035e-17,20.182818835023653,0.2462718699289008,-16.348153470587583,0.2462718699289008,UVM2,Swift+UVOT,2246.179150541018
11.650499999988824,2.550705247970147e-16,4.3063581564567555e-17,19.51697343067093,0.1832719251794894,-17.013998874940306,0.1832719251794894,UVW1,Swift+UVOT,2580.3910534803363
11.651499999687076,3.732729435843625e-16,5.3169847340095645e-17,18.462196220528504,0.15462687273200165,-18.06877608508273,0.15462687273200165,u_swift,Swift+UVOT,3467.0320116445123
11.651999999769032,3.170909896582119e-16,4.990762448900358e-17,18.146824778263063,0.170855541028639,-18.384147527348173,0.170855541028639,b_swift,Swift+UVOT,4349.641314341636
11.653500000014901,2.0799466246532621e-16,3.8700301744685787e-17,20.232698941220427,0.20197993663834005,-16.29827336439081,0.20197993663834005,UVW2,Swift+UVOT,2055.1544609708008
11.654899999964982,1.9327687434620996e-16,6.125804222233338e-17,18.20445199587866,0.34405612200589925,-18.326520309732576,0.34405612200589925,v_swift,Swift+UVOT,5425.378043562354
11.657099999953061,2.4150919629392476e-16,3.575886075391131e-17,19.877495617048503,0.1607296770717011,-16.653476688562733,0.1607296770717011,UVM2,Swift+UVOT,2246.179150541018
12.045299999881536,1.8263868590674587e-16,1.0094805447437658e-17,17.9,0.06,-18.630972305611238,0.06,r_p48,P48+ZTF,6421.166992940606
12.116599999833852,3.4781964017506827e-16,4.657668592809694e-17,19.180238866271967,0.14536523448343872,-17.35073343933927,0.14536523448343872,UVW1,Swift+UVOT,2580.3910534803363
12.11780000012368,4.917462389097946e-16,5.78847528478497e-17,18.16290988207852,0.12778186048026083,-18.368062423532717,0.12778186048026083,u_swift,Swift+UVOT,3467.0320116445123
12.118299999739975,3.31763434463908e-16,4.7565059966815066e-17,18.09771323623645,0.1556344019095125,-18.433259069374785,0.1556344019095125,b_swift,Swift+UVOT,4349.641314341636
12.120000000111759,3.0550936280488776e-16,4.455859136254304e-17,19.815268105935196,0.1583262768902918,-16.71570419967604,0.1583262768902918,UVW2,Swift+UVOT,2055.1544609708008
12.121599999722093,2.3569960701765483e-16,5.938323126862094e-17,17.989004583896133,0.273496037055487,-18.541967721715103,0.273496037055487,v_swift,Swift+UVOT,5425.378043562354
12.124100000131875,2.3079135152140903e-16,3.318979190014606e-17,19.926780972680113,0.15611012435999685,-16.604191332931123,0.15611012435999685,UVM2,Swift+UVOT,2246.179150541018
12.167799999937415,4.213804284431258e-16,7.220672281117376e-17,18.971938219012813,0.1860155903245011,-17.559034086598423,0.1860155903245011,UVW1,Swift+UVOT,2580.3910534803363
12.168399999849498,5.02359767697536e-16,8.021356532595283e-17,18.13972537205625,0.17333211647993016,-18.391246933554985,0.17333211647993016,u_swift,Swift+UVOT,3467.0320116445123
12.16869999980554,3.6410571594731007e-16,6.878918273123282e-17,17.996715789886505,0.20508727924670445,-18.53425651572473,0.20508727924670445,b_swift,Swift+UVOT,4349.641314341636
12.169499999843538,2.599035414312983e-16,5.467665315651832e-17,19.990798923914586,0.22836828811150847,-16.54017338169665,0.22836828811150847,UVW2,Swift+UVOT,2055.1544609708008
12.170399999711663,1.363370286418898e-16,7.37558105755939e-17,18.583367168309792,0.5872573841870403,-17.947605137301444,0.5872573841870403,v_swift,Swift+UVOT,5425.378043562354
12.171300000045449,2.800724957791733e-16,5.566338177245359e-17,19.716653644969934,0.21574721443349146,-16.8143186606413,0.21574721443349146,UVM2,Swift+UVOT,2246.179150541018
12.99599999981001,3.1352643597554044e-16,1.732923316924007e-17,17.95,0.06,-18.580972305611237,0.06,g_p48,P48+ZTF,4789.313527877863
13.078299999702722,1.0949886781596293e-16,6.052221421923903e-18,17.99,0.06,-18.540972305611238,0.06,i_p48,P48+ZTF,7956.1971673128655
14.634199999738485,2.3053291517486003e-16,3.232666362509397e-17,19.62679176463243,0.15222080445952446,-16.904180540978807,0.15222080445952446,UVW1,Swift+UVOT,2580.3910534803363
14.635900000110269,3.391944523613606e-16,3.9289294242417254e-17,18.566140647875205,0.12573945038860718,-17.96483165773603,0.12573945038860718,u_swift,Swift+UVOT,3467.0320116445123
14.636799999978393,3.3136980144866627e-16,3.926483775459281e-17,18.09900221300036,0.12862842455164802,-18.431970092610875,0.12862842455164802,b_swift,Swift+UVOT,4349.641314341636
14.63939999975264,1.2120963146511435e-16,2.456714794916341e-17,20.81898659002317,0.22002077049048505,-15.711985715588067,0.22002077049048505,UVW2,Swift+UVOT,2055.1544609708008
14.641899999696761,1.9308446123132326e-16,4.656489499309071e-17,18.205533418283732,0.26179260459899645,-18.325438887327504,0.26179260459899645,v_swift,Swift+UVOT,5425.378043562354
14.645800000056624,1.3872398513542327e-16,2.2226706621888044e-17,20.479450907885273,0.17392805145715975,-16.051521397725963,0.17392805145715975,UVM2,Swift+UVOT,2246.179150541018
14.691000000108033,2.1993160730017016e-16,4.732887714237935e-17,19.67790499959633,0.23360633918957985,-16.853067306014907,0.23360633918957985,UVW1,Swift+UVOT,2580.3910534803363
14.691699999850243,2.7459176867963343e-16,5.479564652022483e-17,18.795543713315194,0.21662302276629372,-17.735428592296042,0.21662302276629372,u_swift,Swift+UVOT,3467.0320116445123
14.692100000102073,2.8882508423614115e-16,5.52520105837106e-17,18.248197260193308,0.2076630595839293,-18.282775045417928,0.2076630595839293,b_swift,Swift+UVOT,4349.641314341636
14.693099999800324,2.0457888054399515e-16,4.509443573695597e-17,20.250677422402322,0.23928100819177225,-16.280294883208914,0.23928100819177225,UVW2,Swift+UVOT,2055.1544609708008
14.694199999794364,1.5597710507208663e-16,6.672530416652383e-17,18.43724959097264,0.46438242737280727,-18.093722714638595,0.46438242737280727,v_swift,Swift+UVOT,5425.378043562354
14.695400000084192,1.4367457388334e-16,3.7259894054986643e-17,20.441380004304857,0.28151903726616734,-16.08959230130638,0.28151903726616734,UVM2,Swift+UVOT,2246.179150541018
14.926699999719858,1.9215128793167602e-16,1.7700976644265995e-18,17.93,0.01,-18.600972305611236,0.01,r_sdss,P60+SEDM,6174.31385020061
14.948599999770522,1.9038963433499215e-16,3.5077386229878955e-18,17.94,0.02,-18.590972305611235,0.02,r_sdss,P60+SEDM,6174.31385020061
14.950300000142306,2.833197134345527e-16,2.6099412001590995e-18,18.1,0.01,-18.430972305611235,0.01,g_sdss,P60+SEDM,4701.884477199233
14.95189999975264,1.318115696335961e-16,1.2142481794646872e-18,17.92,0.01,-18.610972305611234,0.01,i_sdss,P60+SEDM,7489.168218070939
14.953600000124425,3.243225017276793e-16,2.6888929973238433e-17,18.56,0.09,-17.970972305611237,0.09,u_sdss,P60+SEDM,3555.672974130721
14.984199999831617,1.7766127467006e-16,6.54646264904237e-18,17.93,0.04,-18.600972305611236,0.04,r_p48,P48+ZTF,6421.166992940606
15.003699999768287,2.9125552038818883e-16,1.8781320976711973e-17,18.03,0.07,-18.500972305611235,0.07,g_p48,P48+ZTF,4789.313527877863
15.75609999988228,1.659068439442222e-16,3.775798796847639e-17,19.983963365466494,0.24705327345242906,-16.547008940144742,0.24705327345242906,UVW1,Swift+UVOT,2580.3910534803363
15.756999999750406,2.8830565625925185e-16,5.075486447769741e-17,18.742629592200977,0.19110435332154815,-17.78834271341026,0.19110435332154815,u_swift,Swift+UVOT,3467.0320116445123
15.757400000002235,3.215500873974685e-16,5.2566897798427086e-17,18.131662951984914,0.1774638041526054,-18.39930935362632,0.1774638041526054,b_swift,Swift+UVOT,4349.641314341636
15.75870000012219,1.5584769083861316e-16,3.645792197151114e-17,20.546078487415677,0.25394379762864405,-15.984893818195559,0.25394379762864405,UVW2,Swift+UVOT,2055.1544609708008
15.759999999776483,1.1074107638539024e-16,5.649100524532367e-17,18.80912987878692,0.5537536900133405,-17.721842426824317,0.5537536900133405,v_swift,Swift+UVOT,5425.378043562354
15.761699999682605,1.4456844809853432e-16,3.2831457907554064e-17,20.434646001154423,0.24652599484148155,-16.096326304456813,0.24652599484148155,UVM2,Swift+UVOT,2246.179150541018
16.6828000000678,2.292604533317953e-16,3.566060163518415e-17,19.632801252867303,0.16885175923264278,-16.898171052743933,0.16885175923264278,UVW1,Swift+UVOT,2580.3910534803363
16.684099999722093,2.5977638816632873e-16,3.979152939003392e-17,18.855763313807085,0.16627885606838705,-17.67520899180415,0.16627885606838705,u_swift,Swift+UVOT,3467.0320116445123
16.684799999929965,3.401870570045591e-16,4.420156466107705e-17,18.070490066589745,0.14104767362720053,-18.46048223902149,0.14104767362720053,b_swift,Swift+UVOT,4349.641314341636
16.68679999979213,1.3027515875699288e-16,2.8384797767216503e-17,20.740675389242817,0.23652130360780427,-15.790296916368419,0.23652130360780427,UVW2,Swift+UVOT,2055.1544609708008
16.688699999824166,1.5212092645399433e-16,5.0127328437090064e-17,18.464429325688172,0.3577104834769301,-18.066542979923064,0.3577104834769301,v_swift,Swift+UVOT,5425.378043562354
16.690500000026077,1.8207128706660525e-16,3.7330533453108245e-17,20.18422614304802,0.22257111654846296,-16.346746162563218,0.22257111654846296,UVM2,Swift+UVOT,2246.179150541018
17.9281000001356,1.8015374714661538e-16,3.319152637429242e-18,18.0,0.02,-18.530972305611236,0.02,r_sdss,P60+SEDM,6174.31385020061
17.949999999720603,1.8691463188070592e-16,3.443715177770126e-18,17.96,0.02,-18.570972305611235,0.02,r_sdss,P60+SEDM,6174.31385020061
17.953299999702722,1.2821933842276458e-16,2.3623130911010146e-18,17.95,0.02,-18.580972305611237,0.02,i_sdss,P60+SEDM,7489.168218070939
17.96350000007078,1.7123509290103467e-16,7.887088379021657e-18,17.97,0.05,-18.560972305611237,0.05,r_p48,P48+ZTF,6421.166992940606
18.001999999862164,1.0750028824133944e-16,6.932048586954534e-18,18.01,0.07,-18.520972305611235,0.07,i_p48,P48+ZTF,7956.1971673128655
18.066899999976158,2.6319289771750267e-16,1.4547197842641808e-17,18.14,0.06,-18.390972305611236,0.06,g_p48,P48+ZTF,4789.313527877863
19.94760000007227,1.658224394108314e-16,3.0551126237051575e-18,18.09,0.02,-18.440972305611236,0.02,r_sdss,P60+SEDM,6174.31385020061
19.96959999995306,1.6735677555165757e-16,3.083381232763739e-18,18.08,0.02,-18.450972305611238,0.02,r_sdss,P60+SEDM,6174.31385020061
19.971299999859184,2.422572560619146e-16,2.2316738428423576e-18,18.27,0.01,-18.260972305611237,0.01,g_sdss,P60+SEDM,4701.884477199233
19.97289999993518,1.1911145552990948e-16,2.1945094566830523e-18,18.03,0.02,-18.500972305611235,0.02,i_sdss,P60+SEDM,7489.168218070939
19.974599999841303,2.0275757173283916e-16,2.054583025883206e-17,19.07,0.11,-17.460972305611236,0.11,u_sdss,P60+SEDM,3555.672974130721
20.9847999997437,1.5907164554219957e-16,8.792207992408455e-18,18.05,0.06,-18.480972305611235,0.06,r_p48,P48+ZTF,6421.166992940606
21.02889999980107,2.334931615357748e-16,1.2905634024405346e-17,18.27,0.06,-18.260972305611237,0.06,g_p48,P48+ZTF,4789.313527877863
21.907999999821186,1.512318621511159e-16,6.965739570680398e-18,18.19,0.05,-18.340972305611235,0.05,r_sdss,P60+SEDM,6174.31385020061
21.929999999701977,1.7363741021452197e-16,4.7986434686885295e-18,18.04,0.03,-18.490972305611237,0.03,r_sdss,P60+SEDM,6174.31385020061
21.931599999777973,2.1491998117514664e-16,1.9798428665854508e-18,18.4,0.01,-18.130972305611238,0.01,g_sdss,P60+SEDM,4701.884477199233
21.933299999684095,1.2587907175193265e-16,2.319196017957607e-18,17.97,0.02,-18.560972305611237,0.02,i_sdss,P60+SEDM,7489.168218070939
21.93489999976009,1.8322177298959244e-16,1.1814872809460881e-17,19.18,0.07,-17.350972305611236,0.07,u_sdss,P60+SEDM,3555.672974130721
22.02240000013262,9.714257889428238e-17,4.4743871838706465e-18,18.12,0.05,-18.410972305611235,0.05,i_p48,P48+ZTF,7956.1971673128655
23.949599999934435,2.1099597253955988e-16,1.1662169394206554e-17,18.38,0.06,-18.150972305611237,0.06,g_p48,P48+ZTF,4789.313527877863
23.956799999810755,1.4984536010494646e-16,2.7607509145735334e-18,18.2,0.02,-18.330972305611237,0.02,r_sdss,P60+SEDM,6174.31385020061
23.961799999698997,1.595794931611333e-16,1.0290324037002521e-17,19.33,0.07,-17.200972305611238,0.07,u_sdss,P60+SEDM,3555.672974130721
23.996199999935925,1.4374500877834957e-16,1.059343216692925e-17,18.16,0.08,-18.370972305611236,0.08,r_p48,P48+ZTF,6421.166992940606
25.988200000021607,5.626847243215585e-17,2.665355632726417e-17,21.15796130706186,0.5142047803356631,-15.373010998549375,0.5142047803356631,UVW1,Swift+UVOT,2580.3910534803363
25.989199999719858,1.2045338285231958e-16,3.5522139592389536e-17,19.69021499596774,0.32012986090992135,-16.840757309643497,0.32012986090992135,u_swift,Swift+UVOT,3467.0320116445123
25.989599999971688,1.915743640558198e-16,4.180063234333709e-17,18.693941050483204,0.2368598935736159,-17.837031255128032,0.2368598935736159,b_swift,Swift+UVOT,4349.641314341636
25.99099999992177,5.84788018854029e-17,2.5692525010643483e-17,21.610333251427228,0.47692972660662053,-14.920639054184008,0.47692972660662053,UVW2,Swift+UVOT,2055.1544609708008
25.99239999987185,1.3235673253085064e-16,5.687241839649933e-17,18.615536636801558,0.4664463829276375,-17.91543566880968,0.4664463829276375,v_swift,Swift+UVOT,5425.378043562354
25.99420000007376,2.8399374325012884e-17,2.0322152079689262e-17,22.201557868490877,0.7767960270365408,-14.32941443712036,0.7767960270365408,UVM2,Swift+UVOT,2246.179150541018
26.035900000017136,8.460764925135553e-17,6.235245319227897e-18,18.27,0.08,-18.260972305611237,0.08,i_p48,P48+ZTF,7956.1971673128655
26.05920000001788,4.369863865611879e-17,2.5579242660087434e-17,21.43245435093911,0.6354272640687034,-15.098517954672126,0.6354272640687034,UVW1,Swift+UVOT,2580.3910534803363
26.060099999886006,1.269833065952015e-16,3.655902827899718e-17,19.63289592004726,0.3125317061662112,-16.898076385563975,0.3125317061662112,u_swift,Swift+UVOT,3467.0320116445123
26.060599999967963,2.0211371134604312e-16,4.3924971947405727e-17,18.63579508951321,0.2359183850065509,-17.895177216098027,0.2359183850065509,b_swift,Swift+UVOT,4349.641314341636
26.061999999918044,5.4183181658423237e-17,2.5300886737159758e-17,21.693168158463955,0.5068941857744128,-14.837804147147281,0.5068941857744128,UVW2,Swift+UVOT,2055.1544609708008
26.063300000037998,1.0754063022333764e-16,5.5037883515553407e-17,18.84097028681729,0.5555654353811045,-17.690002018793948,0.5555654353811045,v_swift,Swift+UVOT,5425.378043562354
26.06539999973029,3.818010435935059e-17,2.0607711563652827e-17,21.880237020859123,0.5859205451293944,-14.650735284752113,0.5859205451293944,UVM2,Swift+UVOT,2246.179150541018
26.515799999702722,8.220856714470094e-17,2.958235250780034e-17,20.746331423122907,0.39062649773573865,-15.784640882488329,0.39062649773573865,UVW1,Swift+UVOT,2580.3910534803363
26.516799999866635,1.3738686385093332e-16,3.6714043285267436e-17,19.5473994745413,0.2900902126338852,-16.983572831069935,0.2900902126338852,u_swift,Swift+UVOT,3467.0320116445123
26.51729999994859,1.334023836269575e-16,3.8295144742666806e-17,19.086875557882003,0.31162062656509976,-17.444096747729233,0.31162062656509976,b_swift,Swift+UVOT,4349.641314341636
26.518699999898672,2.106376619817623e-17,2.1067073649191982e-17,22.718989353001135,1.0857110517539994,-13.811982952610101,1.0857110517539994,UVW2,Swift+UVOT,2055.1544609708008
26.520099999848753,1.6463568938748709e-16,5.806989477747722e-17,18.378591763583213,0.3828892059055802,-18.152380542028023,0.3828892059055802,v_swift,Swift+UVOT,5425.378043562354
26.52199999988079,2.936742333357629e-17,2.064625840752222e-17,22.165165189549217,0.7631705195496462,-14.365807116062019,0.7631705195496462,UVM2,Swift+UVOT,2246.179150541018
26.924300000071526,1.2989510153276305e-16,7.179562051918879e-18,18.27,0.06,-18.260972305611237,0.06,r_p48,P48+ZTF,6421.166992940606
26.964499999769032,1.8208499796686818e-16,1.174156900889553e-17,18.54,0.07,-17.990972305611237,0.07,g_p48,P48+ZTF,4789.313527877863
27.091299999970943,1.3920130275242939e-16,1.2823224009553794e-18,18.28,0.01,-18.250972305611235,0.01,r_sdss,P60+SEDM,6174.31385020061
27.092999999877065,1.6915186630524933e-16,3.1164539848079138e-18,18.66,0.02,-17.870972305611236,0.02,g_sdss,P60+SEDM,4701.884477199233
27.09459999995306,1.066482004548087e-16,5.894659335538187e-18,18.15,0.06,-18.380972305611238,0.06,i_sdss,P60+SEDM,7489.168218070939
27.096299999859184,1.145452491950383e-16,1.0551908355846929e-17,19.69,0.1,-16.840972305611235,0.1,u_sdss,P60+SEDM,3555.672974130721
27.974099999759346,1.2752424873816292e-16,5.8737668968797845e-18,18.29,0.05,-18.240972305611237,0.05,r_p48,P48+ZTF,6421.166992940606
29.577800000086427,2.6474976001184894e-17,2.0347406490176498e-17,21.9765351821871,0.8342948387525724,-14.554437123424137,0.8342948387525724,UVW1,Swift+UVOT,2580.3910534803363
29.57909999974072,1.0957152980450116e-16,3.01097243251223e-17,19.793018186455264,0.29830128542069256,-16.737954119155972,0.29830128542069256,u_swift,Swift+UVOT,3467.0320116445123
29.57979999994859,1.8395338050420113e-16,3.6106110553877904e-17,18.738015098751852,0.21306838057921787,-17.792957206859384,0.21306838057921787,b_swift,Swift+UVOT,4349.641314341636
29.58169999998063,1.735397385426069e-17,1.8487449620464674e-17,22.92933206994409,1.1564427437518674,-13.601640235667148,1.1564427437518674,UVW2,Swift+UVOT,2055.1544609708008
29.583600000012666,9.154748913389528e-17,4.5950873356165485e-17,19.01578563636133,0.5448706356621706,-17.515186669249907,0.5448706356621706,v_swift,Swift+UVOT,5425.378043562354
29.586399999912828,2.160335581503893e-17,1.6369621816653994e-17,22.498526751983196,0.8225522566016822,-14.03244555362804,0.8225522566016822,UVM2,Swift+UVOT,2246.179150541018
29.975600000005215,1.6005681318998255e-16,1.1795546904848954e-17,18.68,0.08,-17.850972305611236,0.08,g_p48,P48+ZTF,4789.313527877863
30.01619999995455,1.24048858924291e-16,6.856428530463412e-18,18.32,0.06,-18.210972305611236,0.06,r_p48,P48+ZTF,6421.166992940606
30.036400000099093,7.787707452045248e-17,5.021825273376859e-18,18.36,0.07,-18.170972305611237,0.07,i_p48,P48+ZTF,7956.1971673128655
30.829200000036508,7.915097784689209e-17,4.3544410691264176e-17,20.146121787924194,0.597203306393056,-16.384850517687042,0.597203306393056,u_swift,Swift+UVOT,3467.0320116445123
30.82939999969676,1.694857810634189e-16,5.715609197465477e-17,18.82695135908826,0.36607943121749537,-17.704020946522977,0.36607943121749537,b_swift,Swift+UVOT,4349.641314341636
30.83019999973476,8.425436889413783e-17,3.831649468804315e-17,21.213848342277313,0.4936730421168867,-15.317123963333923,0.4936730421168867,UVW2,Swift+UVOT,2055.1544609708008
30.83089999994263,1.5520785461646106e-16,8.021543591617669e-17,18.44261749032288,0.5610354745653268,-18.088354815288355,0.5610354745653268,v_swift,Swift+UVOT,5425.378043562354
30.832099999766797,2.7450314796677878e-18,2.034983599852883e-17,24.738461475577836,8.047475348629824,-11.7925108300334,8.047475348629824,UVM2,Swift+UVOT,2246.179150541018
30.956400000024587,1.5858940350636962e-16,1.1687404680805414e-17,18.69,0.08,-17.840972305611235,0.08,g_p48,P48+ZTF,4789.313527877863
31.707099999766797,4.186085559944136e-17,2.4918454850756152e-17,21.479103868211105,0.6461882831331267,-15.051868437400131,0.6461882831331267,UVW1,Swift+UVOT,2580.3910534803363
31.708000000100583,9.147241123372508e-17,3.2318648404741735e-17,19.989037181058546,0.3835386482331801,-16.54193512455269,0.3835386482331801,u_swift,Swift+UVOT,3467.0320116445123
31.708499999716878,1.3487719153721316e-16,3.8096360782240206e-17,19.07493824604948,0.30661334092342624,-17.456034059561755,0.30661334092342624,b_swift,Swift+UVOT,4349.641314341636
31.70990000013262,6.1873626299862394e-18,1.9296231613226213e-17,24.04906549202519,3.3854234963638152,-12.481906813586047,3.3854234963638152,UVW2,Swift+UVOT,2055.1544609708008
31.7113000000827,3.8476213760291913e-17,4.824797411456305e-17,19.956920907817313,1.3612341135667863,-16.574051397793923,1.3612341135667863,v_swift,Swift+UVOT,5425.378043562354
31.713399999774992,2.7184422831272533e-17,1.8925327059625204e-17,22.249029507022794,0.7557346721768987,-14.281942798588442,0.7557346721768987,UVM2,Swift+UVOT,2246.179150541018
32.96169999986887,1.4597354854202832e-16,1.7481208279199144e-17,18.78,0.13,-17.750972305611235,0.13,g_p48,P48+ZTF,4789.313527877863
35.01619999995455,7.234518453025658e-17,6.664438398927236e-18,18.44,0.1,-18.090972305611235,0.1,i_p48,P48+ZTF,7956.1971673128655
35.9745999998413,1.070515041266344e-16,9.861584560145562e-18,18.48,0.1,-18.050972305611236,0.1,r_p48,P48+ZTF,6421.166992940606
36.08850000007078,1.2831403603014873e-16,1.536637569882649e-17,18.92,0.13,-17.610972305611234,0.13,g_p48,P48+ZTF,4789.313527877863
38.97750000003725,6.301002163450756e-17,6.384931512267921e-18,18.59,0.11,-17.940972305611236,0.11,i_p48,P48+ZTF,7956.1971673128655
39.04410000005737,1.1313390394868523e-16,9.379705708577594e-18,18.42,0.09,-18.110972305611234,0.09,r_p48,P48+ZTF,6421.166992940606
41.93849999969825,9.763213213284467e-17,7.19509760966212e-18,18.58,0.08,-17.950972305611238,0.08,r_p48,P48+ZTF,6421.166992940606
41.95919999992475,1.0672696649384005e-16,9.831688153412547e-18,19.12,0.1,-17.410972305611235,0.1,g_p48,P48+ZTF,4789.313527877863
44.938000000081956,9.733615029395812e-17,8.966606165079423e-18,19.22,0.1,-17.310972305611237,0.1,g_p48,P48+ZTF,4789.313527877863
44.959400000050664,9.497138548365038e-17,6.124134821527712e-18,18.61,0.07,-17.920972305611237,0.07,r_p48,P48+ZTF,6421.166992940606
47.92130000004545,8.556066781002409e-17,8.670033590525363e-18,19.36,0.11,-17.170972305611237,0.11,g_p48,P48+ZTF,4789.313527877863
47.93859999999404,9.323796234433119e-17,6.012356763811854e-18,18.63,0.07,-17.900972305611237,0.07,r_p48,P48+ZTF,6421.166992940606
47.998399999924004,5.487943464600073e-17,4.044394815671669e-18,18.74,0.08,-17.790972305611238,0.08,i_p48,P48+ZTF,7956.1971673128655
50.94109999993816,9.238315156747278e-17,5.106201553437356e-18,18.64,0.06,-17.890972305611236,0.06,r_p48,P48+ZTF,6421.166992940606
50.96929999999702,8.399900962590752e-17,8.511787643412462e-18,19.38,0.11,-17.150972305611237,0.11,g_p48,P48+ZTF,4789.313527877863
53.974099999759346,7.948298442595649e-17,8.786367030382934e-18,19.44,0.12,-17.090972305611235,0.12,g_p48,P48+ZTF,4789.313527877863
54.01729999994859,8.90415627745822e-17,7.38225788651506e-18,18.68,0.09,-17.850972305611236,0.09,r_p48,P48+ZTF,6421.166992940606
54.055799999739975,5.0513752117967775e-17,5.5839922141286296e-18,18.83,0.12,-17.700972305611238,0.12,i_p48,P48+ZTF,7956.1971673128655
57.92100000008941,8.271661884394319e-17,6.095883942323237e-18,18.76,0.08,-17.770972305611235,0.08,r_p48,P48+ZTF,6421.166992940606
58.02270000008866,4.9591772236036347e-17,4.568394058383669e-18,18.85,0.1,-17.680972305611235,0.1,i_p48,P48+ZTF,7956.1971673128655
60.89740000013262,8.046236134066304e-17,6.6709734540316915e-18,18.79,0.09,-17.740972305611237,0.09,r_p48,P48+ZTF,6421.166992940606
60.983899999875575,6.085190318369207e-17,8.408515981922571e-18,19.73,0.15,-16.800972305611236,0.15,g_p48,P48+ZTF,4789.313527877863
62.935899999924004,4.564672551714032e-17,5.04597162556676e-18,18.94,0.12,-17.590972305611235,0.12,i_p48,P48+ZTF,7956.1971673128655
66.9112999998033,7.204316329734917e-17,7.300277823246985e-18,18.91,0.11,-17.620972305611236,0.11,r_p48,P48+ZTF,6421.166992940606
66.95910000009462,4.248877065262071e-17,1.2525009768062142e-17,20.12,0.32,-16.410972305611235,0.32,g_p48,P48+ZTF,4789.313527877863
69.01349999988452,3.939214489709926e-17,6.53184789825741e-18,19.1,0.18,-17.430972305611235,0.18,i_p48,P48+ZTF,7956.1971673128655
69.96879999991506,6.391352544547593e-17,7.654028153248416e-18,19.04,0.13,-17.490972305611237,0.13,r_p48,P48+ZTF,6421.166992940606
72.90570000000298,3.223102860763609e-17,5.938244710670874e-18,20.42,0.2,-16.110972305611234,0.2,g_p48,P48+ZTF,4789.313527877863
72.93390000006184,5.316095494899536e-17,4.897187169901453e-18,19.24,0.1,-17.290972305611238,0.1,r_p48,P48+ZTF,6421.166992940606
72.99439999973401,3.399457599672478e-17,4.071054443063773e-18,19.26,0.13,-17.270972305611235,0.13,i_p48,P48+ZTF,7956.1971673128655
76.89309999998659,2.1057636702190624e-17,3.685676036711021e-18,19.78,0.19,-16.750972305611235,0.19,i_p48,P48+ZTF,7956.1971673128655
76.91409999970347,4.3811969203956566e-17,5.2467461839890225e-18,19.45,0.13,-17.080972305611237,0.13,r_p48,P48+ZTF,6421.166992940606
76.9562999997288,2.2504748590589898e-17,5.804784832462397e-18,20.81,0.28,-15.720972305611237,0.28,g_p48,P48+ZTF,4789.313527877863
80.91629999969155,1.7037647502130676e-17,2.9820653670029282e-18,20.01,0.19,-16.520972305611235,0.19,i_p48,P48+ZTF,7956.1971673128655
98.89349999977276,2.9757248635439325e-17,5.482475488593341e-18,19.87,0.2,-16.660972305611235,0.2,r_p48,P48+ZTF,6421.166992940606
