3000.0 	0.839348
3002.0 	0.7543416
3004.0 	0.6693352
3006.0 	0.5843288
3008.0 	0.4993224
3010.0 	0.414316
3012.0 	0.4120132
3014.0 	0.4097104
3016.0 	0.4074076
3018.0 	0.4051048
3020.0 	0.402802
3022.0 	0.3685582
3024.0 	0.3343144
3026.0 	0.3000706
3028.0 	0.2658268
3030.0 	0.231583
3032.0 	0.2106558
3034.0 	0.1897286
3036.0 	0.1688014
3038.0 	0.1478742
3040.0 	0.126947
3042.0 	0.120924
3044.0 	0.114901
3046.0 	0.108878
3048.0 	0.102855
3050.0 	0.096832
3052.0 	0.081304
3054.0 	0.065776
3056.0 	0.050248
3058.0 	0.03472
3060.0 	0.019192
3062.0 	0.0225302
3064.0 	0.0258684
3066.0 	0.0292066
3068.0 	0.0325448
3070.0 	0.035883
3072.0 	0.0304564
3074.0 	0.0250298
3076.0 	0.0196032
3078.0 	0.0141766
3080.0 	0.00875
3082.0 	0.0070838
3084.0 	0.0054176
3086.0 	0.0037514
3088.0 	0.0020852
3090.0 	0.000419
3092.0 	0.0030298
3094.0 	0.0056406
3096.0 	0.0082514
3098.0 	0.0108622
3100.0 	0.013473
3102.0 	0.013778
3104.0 	0.014083
3106.0 	0.014388
3108.0 	0.014693
3110.0 	0.014998
3112.0 	0.0126834
3114.0 	0.0103688
3116.0 	0.0080542
3118.0 	0.0057396
3120.0 	0.003425
3122.0 	0.0045466
3124.0 	0.0056682
3126.0 	0.0067898
3128.0 	0.0079114
3130.0 	0.009033
3132.0 	0.0072562
3134.0 	0.0054794
3136.0 	0.0037026
3138.0 	0.0019258
3140.0 	0.000149
3142.0 	0.0040372
3144.0 	0.0079254
3146.0 	0.0118136
3148.0 	0.0157018
3150.0 	0.01959
3152.0 	0.016842
3154.0 	0.014094
3156.0 	0.011346
3158.0 	0.008598
3160.0 	0.00585
3162.0 	0.0057164
3164.0 	0.0055828
3166.0 	0.0054492
3168.0 	0.0053156
3170.0 	0.005182
3172.0 	0.0062764
3174.0 	0.0073708
3176.0 	0.0084652
3178.0 	0.0095596
3180.0 	0.010654
3182.0 	0.0098512
3184.0 	0.0090484
3186.0 	0.0082456
3188.0 	0.0074428
3190.0 	0.00664
3192.0 	0.0067462
3194.0 	0.0068524
3196.0 	0.0069586
3198.0 	0.0070648
3200.0 	0.007171
3202.0 	0.0071238
3204.0 	0.0070766
3206.0 	0.0070294
3208.0 	0.0069822
3210.0 	0.006935
3212.0 	0.0056458
3214.0 	0.0043566
3216.0 	0.0030674
3218.0 	0.0017782
3220.0 	0.000489
3222.0 	0.0022222
3224.0 	0.0039554
3226.0 	0.0056886
3228.0 	0.0074218
3230.0 	0.009155
3232.0 	0.007709
3234.0 	0.006263
3236.0 	0.004817
3238.0 	0.003371
3240.0 	0.001925
3242.0 	0.003655
3244.0 	0.005385
3246.0 	0.007115
3248.0 	0.008845
3250.0 	0.010575
3252.0 	0.008738
3254.0 	0.006901
3256.0 	0.005064
3258.0 	0.003227
3260.0 	0.00139
3262.0 	0.0023186
3264.0 	0.0032472
3266.0 	0.0041758
3268.0 	0.0051044
3270.0 	0.006033
3272.0 	0.007275
3274.0 	0.008517
3276.0 	0.009759
3278.0 	0.011001
3280.0 	0.012243
3282.0 	0.01022
3284.0 	0.008197
3286.0 	0.006174
3288.0 	0.004151
3290.0 	0.002128
3292.0 	0.0024824
3294.0 	0.0028368
3296.0 	0.0031912
3298.0 	0.0035456
3300.0 	0.0039
3302.0 	0.0041552
3304.0 	0.0044104
3306.0 	0.0046656
3308.0 	0.0049208
3310.0 	0.005176
3312.0 	0.0049378
3314.0 	0.0046996
3316.0 	0.0044614
3318.0 	0.0042232
3320.0 	0.003985
3322.0 	0.0032174
3324.0 	0.0024498
3326.0 	0.0016822
3328.0 	0.0009146
3330.0 	0.000147
3332.0 	0.0002248
3334.0 	0.0003026
3336.0 	0.0003804
3338.0 	0.0004582
3340.0 	0.000536
3342.0 	0.000902
3344.0 	0.001268
3346.0 	0.001634
3348.0 	0.002
3350.0 	0.002366
3352.0 	0.0020906
3354.0 	0.0018152
3356.0 	0.0015398
3358.0 	0.0012644
3360.0 	0.000989
3362.0 	0.0017844
3364.0 	0.0025798
3366.0 	0.0033752
3368.0 	0.0041706
3370.0 	0.004966
3372.0 	0.0048342
3374.0 	0.0047024
3376.0 	0.0045706
3378.0 	0.0044388
3380.0 	0.004307
3382.0 	0.0036456
3384.0 	0.0029842
3386.0 	0.0023228
3388.0 	0.0016614
3390.0 	0.001
3392.0 	0.0017928
3394.0 	0.0025856
3396.0 	0.0033784
3398.0 	0.0041712
3400.0 	0.004964
3402.0 	0.0040024
3404.0 	0.0030408
3406.0 	0.0020792
3408.0 	0.0011176
3410.0 	0.000156
3412.0 	0.0009608
3414.0 	0.0017656
3416.0 	0.0025704
3418.0 	0.0033752
3420.0 	0.00418
3422.0 	0.0038288
3424.0 	0.0034776
3426.0 	0.0031264
3428.0 	0.0027752
3430.0 	0.002424
3432.0 	0.0024246
3434.0 	0.0024252
3436.0 	0.0024258
3438.0 	0.0024264
3440.0 	0.002427
3442.0 	0.0025538
3444.0 	0.0026806
3446.0 	0.0028074
3448.0 	0.0029342
3450.0 	0.003061
3452.0 	0.0025716
3454.0 	0.0020822
3456.0 	0.0015928
3458.0 	0.0011034
3460.0 	0.000614
3462.0 	0.0012618
3464.0 	0.0019096
3466.0 	0.0025574
3468.0 	0.0032052
3470.0 	0.003853
3472.0 	0.0034528
3474.0 	0.0030526
3476.0 	0.0026524
3478.0 	0.0022522
3480.0 	0.001852
3482.0 	0.0020478
3484.0 	0.0022436
3486.0 	0.0024394
3488.0 	0.0026352
3490.0 	0.002831
3492.0 	0.0027868
3494.0 	0.0027426
3496.0 	0.0026984
3498.0 	0.0026542
3500.0 	0.00261
3502.0 	0.002358
3504.0 	0.002106
3506.0 	0.001854
3508.0 	0.001602
3510.0 	0.00135
3512.0 	0.0013984
3514.0 	0.0014468
3516.0 	0.0014952
3518.0 	0.0015436
3520.0 	0.001592
3522.0 	0.002225
3524.0 	0.002858
3526.0 	0.003491
3528.0 	0.004124
3530.0 	0.004757
3532.0 	0.0041828
3534.0 	0.0036086
3536.0 	0.0030344
3538.0 	0.0024602
3540.0 	0.001886
3542.0 	0.0024068
3544.0 	0.0029276
3546.0 	0.0034484
3548.0 	0.0039692
3550.0 	0.00449
3552.0 	0.0036106
3554.0 	0.0027312
3556.0 	0.0018518
3558.0 	0.0009724
3560.0 	9.3E-05
3562.0 	0.0002562
3564.0 	0.0004194
3566.0 	0.0005826
3568.0 	0.0007458
3570.0 	0.000909
3572.0 	0.0015634
3574.0 	0.0022178
3576.0 	0.0028722
3578.0 	0.0035266
3580.0 	0.004181
3582.0 	0.0039892
3584.0 	0.0037974
3586.0 	0.0036056
3588.0 	0.0034138
3590.0 	0.003222
3592.0 	0.0028858
3594.0 	0.0025496
3596.0 	0.0022134
3598.0 	0.0018772
3600.0 	0.001541
3602.0 	0.0018186
3604.0 	0.0020962
3606.0 	0.0023738
3608.0 	0.0026514
3610.0 	0.002929
3612.0 	0.0027414
3614.0 	0.0025538
3616.0 	0.0023662
3618.0 	0.0021786
3620.0 	0.001991
3622.0 	0.0018584
3624.0 	0.0017258
3626.0 	0.0015932
3628.0 	0.0014606
3630.0 	0.001328
3632.0 	0.0013204
3634.0 	0.0013128
3636.0 	0.0013052
3638.0 	0.0012976
3640.0 	0.00129
3642.0 	0.001336
3644.0 	0.001382
3646.0 	0.001428
3648.0 	0.001474
3650.0 	0.00152
3652.0 	0.001738
3654.0 	0.001956
3656.0 	0.002174
3658.0 	0.002392
3660.0 	0.00261
3662.0 	0.0022438
3664.0 	0.0018776
3666.0 	0.0015114
3668.0 	0.0011452
3670.0 	0.000779
3672.0 	0.0012148
3674.0 	0.0016506
3676.0 	0.0020864
3678.0 	0.0025222
3680.0 	0.002958
3682.0 	0.0023664
3684.0 	0.0017748
3686.0 	0.0011832
3688.0 	0.0005916
3690.0 	-7.41594E-17
3692.0 	0.0035764
3694.0 	0.0071528
3696.0 	0.0107292
3698.0 	0.0143056
3700.0 	0.017882
3702.0 	0.0183108
3704.0 	0.0187396
3706.0 	0.0191684
3708.0 	0.0195972
3710.0 	0.020026
3712.0 	0.0210596
3714.0 	0.0220932
3716.0 	0.0231268
3718.0 	0.0241604
3720.0 	0.025194
3722.0 	0.0213496
3724.0 	0.0175052
3726.0 	0.0136608
3728.0 	0.0098164
3730.0 	0.005972
3732.0 	0.0088096
3734.0 	0.0116472
3736.0 	0.0144848
3738.0 	0.0173224
3740.0 	0.02016
3742.0 	0.0206398
3744.0 	0.0211196
3746.0 	0.0215994
3748.0 	0.0220792
3750.0 	0.022559
3752.0 	0.0206374
3754.0 	0.0187158
3756.0 	0.0167942
3758.0 	0.0148726
3760.0 	0.012951
3762.0 	0.0122148
3764.0 	0.0114786
3766.0 	0.0107424
3768.0 	0.0100062
3770.0 	0.00927
3772.0 	0.0093174
3774.0 	0.0093648
3776.0 	0.0094122
3778.0 	0.0094596
3780.0 	0.009507
3782.0 	0.0122656
3784.0 	0.0150242
3786.0 	0.0177828
3788.0 	0.0205414
3790.0 	0.0233
3792.0 	0.0194392
3794.0 	0.0155784
3796.0 	0.0117176
3798.0 	0.0078568
3800.0 	0.003996
3802.0 	0.0043856
3804.0 	0.0047752
3806.0 	0.0051648
3808.0 	0.0055544
3810.0 	0.005944
3812.0 	0.0052336
3814.0 	0.0045232
3816.0 	0.0038128
3818.0 	0.0031024
3820.0 	0.002392
3822.0 	0.0035756
3824.0 	0.0047592
3826.0 	0.0059428
3828.0 	0.0071264
3830.0 	0.00831
3832.0 	0.0072128
3834.0 	0.0061156
3836.0 	0.0050184
3838.0 	0.0039212
3840.0 	0.002824
3842.0 	0.0042704
3844.0 	0.0057168
3846.0 	0.0071632
3848.0 	0.0086096
3850.0 	0.010056
3852.0 	0.0085774
3854.0 	0.0070988
3856.0 	0.0056202
3858.0 	0.0041416
3860.0 	0.002663
3862.0 	0.0062654
3864.0 	0.0098678
3866.0 	0.0134702
3868.0 	0.0170726
3870.0 	0.020675
3872.0 	0.0174742
3874.0 	0.0142734
3876.0 	0.0110726
3878.0 	0.0078718
3880.0 	0.004671
3882.0 	0.0051292
3884.0 	0.0055874
3886.0 	0.0060456
3888.0 	0.0065038
3890.0 	0.006962
3892.0 	0.0083282
3894.0 	0.0096944
3896.0 	0.0110606
3898.0 	0.0124268
3900.0 	0.013793
3902.0 	0.0120334
3904.0 	0.0102738
3906.0 	0.0085142
3908.0 	0.0067546
3910.0 	0.004995
3912.0 	0.0075124
3914.0 	0.0100298
3916.0 	0.0125472
3918.0 	0.0150646
3920.0 	0.017582
3922.0 	0.020582
3924.0 	0.023582
3926.0 	0.026582
3928.0 	0.029582
3930.0 	0.032582
3932.0 	0.0292532
3934.0 	0.0259244
3936.0 	0.0225956
3938.0 	0.0192668
3940.0 	0.015938
3942.0 	0.015779
3944.0 	0.01562
3946.0 	0.015461
3948.0 	0.015302
3950.0 	0.015143
3952.0 	0.0133072
3954.0 	0.0114714
3956.0 	0.0096356
3958.0 	0.0077998
3960.0 	0.005964
3962.0 	0.0060214
3964.0 	0.0060788
3966.0 	0.0061362
3968.0 	0.0061936
3970.0 	0.006251
3972.0 	0.006704
3974.0 	0.007157
3976.0 	0.00761
3978.0 	0.008063
3980.0 	0.008516
3982.0 	0.0096204
3984.0 	0.0107248
3986.0 	0.0118292
3988.0 	0.0129336
3990.0 	0.014038
3992.0 	0.0148344
3994.0 	0.0156308
3996.0 	0.0164272
3998.0 	0.0172236
4000.0 	0.01802
4002.0 	0.018958
4004.0 	0.019896
4006.0 	0.020834
4008.0 	0.021772
4010.0 	0.02271
4012.0 	0.027755
4014.0 	0.0328
4016.0 	0.037845
4018.0 	0.04289
4020.0 	0.047935
4022.0 	0.0421868
4024.0 	0.0364386
4026.0 	0.0306904
4028.0 	0.0249422
4030.0 	0.019194
4032.0 	0.0169502
4034.0 	0.0147064
4036.0 	0.0124626
4038.0 	0.0102188
4040.0 	0.007975
4042.0 	0.0067346
4044.0 	0.0054942
4046.0 	0.0042538
4048.0 	0.0030134
4050.0 	0.001773
4052.0 	0.002229
4054.0 	0.002685
4056.0 	0.003141
4058.0 	0.003597
4060.0 	0.004053
4062.0 	0.0051482
4064.0 	0.0062434
4066.0 	0.0073386
4068.0 	0.0084338
4070.0 	0.009529
4072.0 	0.00869
4074.0 	0.007851
4076.0 	0.007012
4078.0 	0.006173
4080.0 	0.005334
4082.0 	0.0048572
4084.0 	0.0043804
4086.0 	0.0039036
4088.0 	0.0034268
4090.0 	0.00295
4092.0 	0.0029168
4094.0 	0.0028836
4096.0 	0.0028504
4098.0 	0.0028172
4100.0 	0.002784
4102.0 	0.0030304
4104.0 	0.0032768
4106.0 	0.0035232
4108.0 	0.0037696
4110.0 	0.004016
4112.0 	0.0039918
4114.0 	0.0039676
4116.0 	0.0039434
4118.0 	0.0039192
4120.0 	0.003895
4122.0 	0.003116
4124.0 	0.002337
4126.0 	0.001558
4128.0 	0.000779
4130.0 	2.68882E-17
4132.0 	0.0018676
4134.0 	0.0037352
4136.0 	0.0056028
4138.0 	0.0074704
4140.0 	0.009338
4142.0 	0.0077042
4144.0 	0.0060704
4146.0 	0.0044366
4148.0 	0.0028028
4150.0 	0.001169
4152.0 	0.0022212
4154.0 	0.0032734
4156.0 	0.0043256
4158.0 	0.0053778
4160.0 	0.00643
4162.0 	0.005418
4164.0 	0.004406
4166.0 	0.003394
4168.0 	0.002382
4170.0 	0.00137
4172.0 	0.0011466
4174.0 	0.0009232
4176.0 	0.0006998
4178.0 	0.0004764
4180.0 	0.000253
4182.0 	0.0009072
4184.0 	0.0015614
4186.0 	0.0022156
4188.0 	0.0028698
4190.0 	0.003524
4192.0 	0.0032402
4194.0 	0.0029564
4196.0 	0.0026726
4198.0 	0.0023888
4200.0 	0.002105
4202.0 	0.002811
4204.0 	0.003517
4206.0 	0.004223
4208.0 	0.004929
4210.0 	0.005635
4212.0 	0.0045194
4214.0 	0.0034038
4216.0 	0.0022882
4218.0 	0.0011726
4220.0 	5.7E-05
4222.0 	0.0004472
4224.0 	0.0008374
4226.0 	0.0012276
4228.0 	0.0016178
4230.0 	0.002008
4232.0 	0.00177
4234.0 	0.001532
4236.0 	0.001294
4238.0 	0.001056
4240.0 	0.000818
4242.0 	0.0020596
4244.0 	0.0033012
4246.0 	0.0045428
4248.0 	0.0057844
4250.0 	0.007026
4252.0 	0.0057042
4254.0 	0.0043824
4256.0 	0.0030606
4258.0 	0.0017388
4260.0 	0.000417
4262.0 	0.0004862
4264.0 	0.0005554
4266.0 	0.0006246
4268.0 	0.0006938
4270.0 	0.000763
4272.0 	0.0011686
4274.0 	0.0015742
4276.0 	0.0019798
4278.0 	0.0023854
4280.0 	0.002791
4282.0 	0.0026228
4284.0 	0.0024546
4286.0 	0.0022864
4288.0 	0.0021182
4290.0 	0.00195
4292.0 	0.002161
4294.0 	0.002372
4296.0 	0.002583
4298.0 	0.002794
4300.0 	0.003005
4302.0 	0.0036376
4304.0 	0.0042702
4306.0 	0.0049028
4308.0 	0.0055354
4310.0 	0.006168
4312.0 	0.0067238
4314.0 	0.0072796
4316.0 	0.0078354
4318.0 	0.0083912
4320.0 	0.008947
4322.0 	0.0079746
4324.0 	0.0070022
4326.0 	0.0060298
4328.0 	0.0050574
4330.0 	0.004085
4332.0 	0.0037348
4334.0 	0.0033846
4336.0 	0.0030344
4338.0 	0.0026842
4340.0 	0.002334
4342.0 	0.0019622
4344.0 	0.0015904
4346.0 	0.0012186
4348.0 	0.0008468
4350.0 	0.000475
4352.0 	0.0004478
4354.0 	0.0004206
4356.0 	0.0003934
4358.0 	0.0003662
4360.0 	0.000339
4362.0 	0.0004124
4364.0 	0.0004858
4366.0 	0.0005592
4368.0 	0.0006326
4370.0 	0.000706
4372.0 	0.0005728
4374.0 	0.0004396
4376.0 	0.0003064
4378.0 	0.0001732
4380.0 	4E-05
4382.0 	0.0002002
4384.0 	0.0003604
4386.0 	0.0005206
4388.0 	0.0006808
4390.0 	0.000841
4392.0 	0.0009558
4394.0 	0.0010706
4396.0 	0.0011854
4398.0 	0.0013002
4400.0 	0.001415
4402.0 	0.0013718
4404.0 	0.0013286
4406.0 	0.0012854
4408.0 	0.0012422
4410.0 	0.001199
4412.0 	0.0016218
4414.0 	0.0020446
4416.0 	0.0024674
4418.0 	0.0028902
4420.0 	0.003313
4422.0 	0.00316
4424.0 	0.003007
4426.0 	0.002854
4428.0 	0.002701
4430.0 	0.002548
4432.0 	0.0032446
4434.0 	0.0039412
4436.0 	0.0046378
4438.0 	0.0053344
4440.0 	0.006031
4442.0 	0.00489
4444.0 	0.003749
4446.0 	0.002608
4448.0 	0.001467
4450.0 	0.000326
4452.0 	0.0008596
4454.0 	0.0013932
4456.0 	0.0019268
4458.0 	0.0024604
4460.0 	0.002994
4462.0 	0.002655
4464.0 	0.002316
4466.0 	0.001977
4468.0 	0.001638
4470.0 	0.001299
4472.0 	0.001419
4474.0 	0.001539
4476.0 	0.001659
4478.0 	0.001779
4480.0 	0.001899
4482.0 	0.0022262
4484.0 	0.0025534
4486.0 	0.0028806
4488.0 	0.0032078
4490.0 	0.003535
4492.0 	0.0040054
4494.0 	0.0044758
4496.0 	0.0049462
4498.0 	0.0054166
4500.0 	0.005887
4502.0 	0.0066444
4504.0 	0.0074018
4506.0 	0.0081592
4508.0 	0.0089166
4510.0 	0.009674
4512.0 	0.008696
4514.0 	0.007718
4516.0 	0.00674
4518.0 	0.005762
4520.0 	0.004784
4522.0 	0.0058874
4524.0 	0.0069908
4526.0 	0.0080942
4528.0 	0.0091976
4530.0 	0.010301
4532.0 	0.0094534
4534.0 	0.0086058
4536.0 	0.0077582
4538.0 	0.0069106
4540.0 	0.006063
4542.0 	0.0059746
4544.0 	0.0058862
4546.0 	0.0057978
4548.0 	0.0057094
4550.0 	0.005621
4552.0 	0.0063644
4554.0 	0.0071078
4556.0 	0.0078512
4558.0 	0.0085946
4560.0 	0.009338
4562.0 	0.0092158
4564.0 	0.0090936
4566.0 	0.0089714
4568.0 	0.0088492
4570.0 	0.008727
4572.0 	0.0074302
4574.0 	0.0061334
4576.0 	0.0048366
4578.0 	0.0035398
4580.0 	0.002243
4582.0 	0.0025676
4584.0 	0.0028922
4586.0 	0.0032168
4588.0 	0.0035414
4590.0 	0.003866
4592.0 	0.0036086
4594.0 	0.0033512
4596.0 	0.0030938
4598.0 	0.0028364
4600.0 	0.002579
4602.0 	0.0032902
4604.0 	0.0040014
4606.0 	0.0047126
4608.0 	0.0054238
4610.0 	0.006135
4612.0 	0.0050872
4614.0 	0.0040394
4616.0 	0.0029916
4618.0 	0.0019438
4620.0 	0.000896
4622.0 	0.001138
4624.0 	0.00138
4626.0 	0.001622
4628.0 	0.001864
4630.0 	0.002106
4632.0 	0.0022774
4634.0 	0.0024488
4636.0 	0.0026202
4638.0 	0.0027916
4640.0 	0.002963
4642.0 	0.0030088
4644.0 	0.0030546
4646.0 	0.0031004
4648.0 	0.0031462
4650.0 	0.003192
4652.0 	0.0058432
4654.0 	0.0084944
4656.0 	0.0111456
4658.0 	0.0137968
4660.0 	0.016448
4662.0 	0.0183566
4664.0 	0.0202652
4666.0 	0.0221738
4668.0 	0.0240824
4670.0 	0.025991
4672.0 	0.0263938
4674.0 	0.0267966
4676.0 	0.0271994
4678.0 	0.0276022
4680.0 	0.028005
4682.0 	0.0247942
4684.0 	0.0215834
4686.0 	0.0183726
4688.0 	0.0151618
4690.0 	0.011951
4692.0 	0.0114318
4694.0 	0.0109126
4696.0 	0.0103934
4698.0 	0.0098742
4700.0 	0.009355
4702.0 	0.008471
4704.0 	0.007587
4706.0 	0.006703
4708.0 	0.005819
4710.0 	0.004935
4712.0 	0.0042238
4714.0 	0.0035126
4716.0 	0.0028014
4718.0 	0.0020902
4720.0 	0.001379
4722.0 	0.001533
4724.0 	0.001687
4726.0 	0.001841
4728.0 	0.001995
4730.0 	0.002149
4732.0 	0.00214
4734.0 	0.002131
4736.0 	0.002122
4738.0 	0.002113
4740.0 	0.002104
4742.0 	0.0026794
4744.0 	0.0032548
4746.0 	0.0038302
4748.0 	0.0044056
4750.0 	0.004981
4752.0 	0.004305
4754.0 	0.003629
4756.0 	0.002953
4758.0 	0.002277
4760.0 	0.001601
4762.0 	0.00159
4764.0 	0.001579
4766.0 	0.001568
4768.0 	0.001557
4770.0 	0.001546
4772.0 	0.0021366
4774.0 	0.0027272
4776.0 	0.0033178
4778.0 	0.0039084
4780.0 	0.004499
4782.0 	0.0046714
4784.0 	0.0048438
4786.0 	0.0050162
4788.0 	0.0051886
4790.0 	0.005361
4792.0 	0.0074558
4794.0 	0.0095506
4796.0 	0.0116454
4798.0 	0.0137402
4800.0 	0.015835
4802.0 	0.0146838
4804.0 	0.0135326
4806.0 	0.0123814
4808.0 	0.0112302
4810.0 	0.010079
4812.0 	0.0084488
4814.0 	0.0068186
4816.0 	0.0051884
4818.0 	0.0035582
4820.0 	0.001928
4822.0 	0.0019594
4824.0 	0.0019908
4826.0 	0.0020222
4828.0 	0.0020536
4830.0 	0.002085
4832.0 	0.0017428
4834.0 	0.0014006
4836.0 	0.0010584
4838.0 	0.0007162
4840.0 	0.000374
4842.0 	0.0003222
4844.0 	0.0002704
4846.0 	0.0002186
4848.0 	0.0001668
4850.0 	0.000115
4852.0 	0.0004366
4854.0 	0.0007582
4856.0 	0.0010798
4858.0 	0.0014014
4860.0 	0.001723
4862.0 	0.0019208
4864.0 	0.0021186
4866.0 	0.0023164
4868.0 	0.0025142
4870.0 	0.002712
4872.0 	0.0025988
4874.0 	0.0024856
4876.0 	0.0023724
4878.0 	0.0022592
4880.0 	0.002146
4882.0 	0.0018392
4884.0 	0.0015324
4886.0 	0.0012256
4888.0 	0.0009188
4890.0 	0.000612
4892.0 	0.0006408
4894.0 	0.0006696
4896.0 	0.0006984
4898.0 	0.0007272
4900.0 	0.000756
4902.0 	0.0009506
4904.0 	0.0011452
4906.0 	0.0013398
4908.0 	0.0015344
4910.0 	0.001729
4912.0 	0.0018944
4914.0 	0.0020598
4916.0 	0.0022252
4918.0 	0.0023906
4920.0 	0.002556
4922.0 	0.0021616
4924.0 	0.0017672
4926.0 	0.0013728
4928.0 	0.0009784
4930.0 	0.000584
4932.0 	0.0006532
4934.0 	0.0007224
4936.0 	0.0007916
4938.0 	0.0008608
4940.0 	0.00093
4942.0 	0.0010508
4944.0 	0.0011716
4946.0 	0.0012924
4948.0 	0.0014132
4950.0 	0.001534
4952.0 	0.0018546
4954.0 	0.0021752
4956.0 	0.0024958
4958.0 	0.0028164
4960.0 	0.003137
4962.0 	0.0028188
4964.0 	0.0025006
4966.0 	0.0021824
4968.0 	0.0018642
4970.0 	0.001546
4972.0 	0.0019646
4974.0 	0.0023832
4976.0 	0.0028018
4978.0 	0.0032204
4980.0 	0.003639
4982.0 	0.0034916
4984.0 	0.0033442
4986.0 	0.0031968
4988.0 	0.0030494
4990.0 	0.002902
4992.0 	0.0025246
4994.0 	0.0021472
4996.0 	0.0017698
4998.0 	0.0013924
5000.0 	0.001015
5002.0 	0.0016066
5004.0 	0.0021982
5006.0 	0.0027898
5008.0 	0.0033814
5010.0 	0.003973
5012.0 	0.0033474
5014.0 	0.0027218
5016.0 	0.0020962
5018.0 	0.0014706
5020.0 	0.000845
5022.0 	0.001073
5024.0 	0.001301
5026.0 	0.001529
5028.0 	0.001757
5030.0 	0.001985
5032.0 	0.0019026
5034.0 	0.0018202
5036.0 	0.0017378
5038.0 	0.0016554
5040.0 	0.001573
5042.0 	0.0012884
5044.0 	0.0010038
5046.0 	0.0007192
5048.0 	0.0004346
5050.0 	0.00015
5052.0 	0.0008184
5054.0 	0.0014868
5056.0 	0.0021552
5058.0 	0.0028236
5060.0 	0.003492
5062.0 	0.0032684
5064.0 	0.0030448
5066.0 	0.0028212
5068.0 	0.0025976
5070.0 	0.002374
5072.0 	0.002087
5074.0 	0.0018
5076.0 	0.001513
5078.0 	0.001226
5080.0 	0.000939
5082.0 	0.0007512
5084.0 	0.0005634
5086.0 	0.0003756
5088.0 	0.0001878
5090.0 	-1.40946E-17
5092.0 	0.0002914
5094.0 	0.0005828
5096.0 	0.0008742
5098.0 	0.0011656
5100.0 	0.001457
5102.0 	0.0013392
5104.0 	0.0012214
5106.0 	0.0011036
5108.0 	0.0009858
5110.0 	0.000868
5112.0 	0.0009428
5114.0 	0.0010176
5116.0 	0.0010924
5118.0 	0.0011672
5120.0 	0.001242
5122.0 	0.001219
5124.0 	0.001196
5126.0 	0.001173
5128.0 	0.00115
5130.0 	0.001127
5132.0 	0.0014148
5134.0 	0.0017026
5136.0 	0.0019904
5138.0 	0.0022782
5140.0 	0.002566
5142.0 	0.00245
5144.0 	0.002334
5146.0 	0.002218
5148.0 	0.002102
5150.0 	0.001986
5152.0 	0.0017614
5154.0 	0.0015368
5156.0 	0.0013122
5158.0 	0.0010876
5160.0 	0.000863
5162.0 	0.0009108
5164.0 	0.0009586
5166.0 	0.0010064
5168.0 	0.0010542
5170.0 	0.001102
5172.0 	0.0011192
5174.0 	0.0011364
5176.0 	0.0011536
5178.0 	0.0011708
5180.0 	0.001188
5182.0 	0.000992
5184.0 	0.000796
5186.0 	0.0006
5188.0 	0.000404
5190.0 	0.000208
5192.0 	0.0004986
5194.0 	0.0007892
5196.0 	0.0010798
5198.0 	0.0013704
5200.0 	0.001661
5202.0 	0.0013564
5204.0 	0.0010518
5206.0 	0.0007472
5208.0 	0.0004426
5210.0 	0.000138
5212.0 	0.0001344
5214.0 	0.0001308
5216.0 	0.0001272
5218.0 	0.0001236
5220.0 	0.00012
5222.0 	0.0005786
5224.0 	0.0010372
5226.0 	0.0014958
5228.0 	0.0019544
5230.0 	0.002413
5232.0 	0.0025718
5234.0 	0.0027306
5236.0 	0.0028894
5238.0 	0.0030482
5240.0 	0.003207
5242.0 	0.0027048
5244.0 	0.0022026
5246.0 	0.0017004
5248.0 	0.0011982
5250.0 	0.000696
5252.0 	0.0009528
5254.0 	0.0012096
5256.0 	0.0014664
5258.0 	0.0017232
5260.0 	0.00198
5262.0 	0.0018274
5264.0 	0.0016748
5266.0 	0.0015222
5268.0 	0.0013696
5270.0 	0.001217
5272.0 	0.0010578
5274.0 	0.0008986
5276.0 	0.0007394
5278.0 	0.0005802
5280.0 	0.000421
5282.0 	0.0009282
5284.0 	0.0014354
5286.0 	0.0019426
5288.0 	0.0024498
5290.0 	0.002957
5292.0 	0.002714
5294.0 	0.002471
5296.0 	0.002228
5298.0 	0.001985
5300.0 	0.001742
5302.0 	0.0020056
5304.0 	0.0022692
5306.0 	0.0025328
5308.0 	0.0027964
5310.0 	0.00306
5312.0 	0.0026082
5314.0 	0.0021564
5316.0 	0.0017046
5318.0 	0.0012528
5320.0 	0.000801
5322.0 	0.0007508
5324.0 	0.0007006
5326.0 	0.0006504
5328.0 	0.0006002
5330.0 	0.00055
5332.0 	0.0009016
5334.0 	0.0012532
5336.0 	0.0016048
5338.0 	0.0019564
5340.0 	0.002308
5342.0 	0.0023328
5344.0 	0.0023576
5346.0 	0.0023824
5348.0 	0.0024072
5350.0 	0.002432
5352.0 	0.0020512
5354.0 	0.0016704
5356.0 	0.0012896
5358.0 	0.0009088
5360.0 	0.000528
5362.0 	0.000924
5364.0 	0.00132
5366.0 	0.001716
5368.0 	0.002112
5370.0 	0.002508
5372.0 	0.0024584
5374.0 	0.0024088
5376.0 	0.0023592
5378.0 	0.0023096
5380.0 	0.00226
5382.0 	0.0026632
5384.0 	0.0030664
5386.0 	0.0034696
5388.0 	0.0038728
5390.0 	0.004276
5392.0 	0.004065
5394.0 	0.003854
5396.0 	0.003643
5398.0 	0.003432
5400.0 	0.003221
5402.0 	0.003184
5404.0 	0.003147
5406.0 	0.00311
5408.0 	0.003073
5410.0 	0.003036
5412.0 	0.002455
5414.0 	0.001874
5416.0 	0.001293
5418.0 	0.000712
5420.0 	0.000131
5422.0 	0.0004196
5424.0 	0.0007082
5426.0 	0.0009968
5428.0 	0.0012854
5430.0 	0.001574
5432.0 	0.0015764
5434.0 	0.0015788
5436.0 	0.0015812
5438.0 	0.0015836
5440.0 	0.001586
5442.0 	0.001449
5444.0 	0.001312
5446.0 	0.001175
5448.0 	0.001038
5450.0 	0.000901
5452.0 	0.0011496
5454.0 	0.0013982
5456.0 	0.0016468
5458.0 	0.0018954
5460.0 	0.002144
5462.0 	0.0019602
5464.0 	0.0017764
5466.0 	0.0015926
5468.0 	0.0014088
5470.0 	0.001225
5472.0 	0.0012514
5474.0 	0.0012778
5476.0 	0.0013042
5478.0 	0.0013306
5480.0 	0.001357
5482.0 	0.0012558
5484.0 	0.0011546
5486.0 	0.0010534
5488.0 	0.0009522
5490.0 	0.000851
5492.0 	0.00124
5494.0 	0.001629
5496.0 	0.002018
5498.0 	0.002407
5500.0 	0.002796
5502.0 	0.0023968
5504.0 	0.0019976
5506.0 	0.0015984
5508.0 	0.0011992
5510.0 	0.0008
5512.0 	0.0007314
5514.0 	0.0006628
5516.0 	0.0005942
5518.0 	0.0005256
5520.0 	0.000457
5522.0 	0.0012028
5524.0 	0.0019486
5526.0 	0.0026944
5528.0 	0.0034402
5530.0 	0.004186
5532.0 	0.0038324
5534.0 	0.0034788
5536.0 	0.0031252
5538.0 	0.0027716
5540.0 	0.002418
5542.0 	0.002379
5544.0 	0.00234
5546.0 	0.002301
5548.0 	0.002262
5550.0 	0.002223
5552.0 	0.0020138
5554.0 	0.0018046
5556.0 	0.0015954
5558.0 	0.0013862
5560.0 	0.001177
5562.0 	0.0010232
5564.0 	0.0008694
5566.0 	0.0007156
5568.0 	0.0005618
5570.0 	0.000408
5572.0 	0.0010076
5574.0 	0.0016072
5576.0 	0.0022068
5578.0 	0.0028064
5580.0 	0.003406
5582.0 	0.0029904
5584.0 	0.0025748
5586.0 	0.0021592
5588.0 	0.0017436
5590.0 	0.001328
5592.0 	0.001194
5594.0 	0.00106
5596.0 	0.000926
5598.0 	0.000792
5600.0 	0.000658
5602.0 	0.0009838
5604.0 	0.0013096
5606.0 	0.0016354
5608.0 	0.0019612
5610.0 	0.002287
5612.0 	0.0021752
5614.0 	0.0020634
5616.0 	0.0019516
5618.0 	0.0018398
5620.0 	0.001728
5622.0 	0.0015932
5624.0 	0.0014584
5626.0 	0.0013236
5628.0 	0.0011888
5630.0 	0.001054
5632.0 	0.0011204
5634.0 	0.0011868
5636.0 	0.0012532
5638.0 	0.0013196
5640.0 	0.001386
5642.0 	0.0018134
5644.0 	0.0022408
5646.0 	0.0026682
5648.0 	0.0030956
5650.0 	0.003523
5652.0 	0.003189
5654.0 	0.002855
5656.0 	0.002521
5658.0 	0.002187
5660.0 	0.001853
5662.0 	0.001552
5664.0 	0.001251
5666.0 	0.00095
5668.0 	0.000649
5670.0 	0.000348
5672.0 	0.0003946
5674.0 	0.0004412
5676.0 	0.0004878
5678.0 	0.0005344
5680.0 	0.000581
5682.0 	0.0011142
5684.0 	0.0016474
5686.0 	0.0021806
5688.0 	0.0027138
5690.0 	0.003247
5692.0 	0.0027478
5694.0 	0.0022486
5696.0 	0.0017494
5698.0 	0.0012502
5700.0 	0.000751
5702.0 	0.0009488
5704.0 	0.0011466
5706.0 	0.0013444
5708.0 	0.0015422
5710.0 	0.00174
5712.0 	0.0016998
5714.0 	0.0016596
5716.0 	0.0016194
5718.0 	0.0015792
5720.0 	0.001539
5722.0 	0.0015672
5724.0 	0.0015954
5726.0 	0.0016236
5728.0 	0.0016518
5730.0 	0.00168
5732.0 	0.0017918
5734.0 	0.0019036
5736.0 	0.0020154
5738.0 	0.0021272
5740.0 	0.002239
5742.0 	0.00233
5744.0 	0.002421
5746.0 	0.002512
5748.0 	0.002603
5750.0 	0.002694
5752.0 	0.0022058
5754.0 	0.0017176
5756.0 	0.0012294
5758.0 	0.0007412
5760.0 	0.000253
5762.0 	0.0003106
5764.0 	0.0003682
5766.0 	0.0004258
5768.0 	0.0004834
5770.0 	0.000541
5772.0 	0.0005822
5774.0 	0.0006234
5776.0 	0.0006646
5778.0 	0.0007058
5780.0 	0.000747
5782.0 	0.0005976
5784.0 	0.0004482
5786.0 	0.0002988
5788.0 	0.0001494
5790.0 	6.72205E-18
5792.0 	5.46E-05
5794.0 	0.0001092
5796.0 	0.0001638
5798.0 	0.0002184
5800.0 	0.000273
5802.0 	0.0002834
5804.0 	0.0002938
5806.0 	0.0003042
5808.0 	0.0003146
5810.0 	0.000325
5812.0 	0.00081
5814.0 	0.001295
5816.0 	0.00178
5818.0 	0.002265
5820.0 	0.00275
5822.0 	0.0027248
5824.0 	0.0026996
5826.0 	0.0026744
5828.0 	0.0026492
5830.0 	0.002624
5832.0 	0.0022202
5834.0 	0.0018164
5836.0 	0.0014126
5838.0 	0.0010088
5840.0 	0.000605
5842.0 	0.0012074
5844.0 	0.0018098
5846.0 	0.0024122
5848.0 	0.0030146
5850.0 	0.003617
5852.0 	0.0035038
5854.0 	0.0033906
5856.0 	0.0032774
5858.0 	0.0031642
5860.0 	0.003051
5862.0 	0.0026364
5864.0 	0.0022218
5866.0 	0.0018072
5868.0 	0.0013926
5870.0 	0.000978
5872.0 	0.0010804
5874.0 	0.0011828
5876.0 	0.0012852
5878.0 	0.0013876
5880.0 	0.00149
5882.0 	0.001308
5884.0 	0.001126
5886.0 	0.000944
5888.0 	0.000762
5890.0 	0.00058
5892.0 	0.0005062
5894.0 	0.0004324
5896.0 	0.0003586
5898.0 	0.0002848
5900.0 	0.000211
5902.0 	0.0006256
5904.0 	0.0010402
5906.0 	0.0014548
5908.0 	0.0018694
5910.0 	0.002284
5912.0 	0.001966
5914.0 	0.001648
5916.0 	0.00133
5918.0 	0.001012
5920.0 	0.000694
5922.0 	0.0009258
5924.0 	0.0011576
5926.0 	0.0013894
5928.0 	0.0016212
5930.0 	0.001853
5932.0 	0.001654
5934.0 	0.001455
5936.0 	0.001256
5938.0 	0.001057
5940.0 	0.000858
5942.0 	0.0009594
5944.0 	0.0010608
5946.0 	0.0011622
5948.0 	0.0012636
5950.0 	0.001365
5952.0 	0.0013626
5954.0 	0.0013602
5956.0 	0.0013578
5958.0 	0.0013554
5960.0 	0.001353
5962.0 	0.0016802
5964.0 	0.0020074
5966.0 	0.0023346
5968.0 	0.0026618
5970.0 	0.002989
5972.0 	0.0026196
5974.0 	0.0022502
5976.0 	0.0018808
5978.0 	0.0015114
5980.0 	0.001142
5982.0 	0.0011762
5984.0 	0.0012104
5986.0 	0.0012446
5988.0 	0.0012788
5990.0 	0.001313
5992.0 	0.0016916
5994.0 	0.0020702
5996.0 	0.0024488
5998.0 	0.0028274
6000.0 	0.003206
6002.0 	0.0029726
6004.0 	0.0027392
6006.0 	0.0025058
6008.0 	0.0022724
6010.0 	0.002039
6012.0 	0.0023552
6014.0 	0.0026714
6016.0 	0.0029876
6018.0 	0.0033038
6020.0 	0.00362
6022.0 	0.0041314
6024.0 	0.0046428
6026.0 	0.0051542
6028.0 	0.0056656
6030.0 	0.006177
6032.0 	0.0054654
6034.0 	0.0047538
6036.0 	0.0040422
6038.0 	0.0033306
6040.0 	0.002619
6042.0 	0.0023168
6044.0 	0.0020146
6046.0 	0.0017124
6048.0 	0.0014102
6050.0 	0.001108
6052.0 	0.0016278
6054.0 	0.0021476
6056.0 	0.0026674
6058.0 	0.0031872
6060.0 	0.003707
6062.0 	0.0035226
6064.0 	0.0033382
6066.0 	0.0031538
6068.0 	0.0029694
6070.0 	0.002785
6072.0 	0.0024264
6074.0 	0.0020678
6076.0 	0.0017092
6078.0 	0.0013506
6080.0 	0.000992
6082.0 	0.0009972
6084.0 	0.0010024
6086.0 	0.0010076
6088.0 	0.0010128
6090.0 	0.001018
6092.0 	0.0011544
6094.0 	0.0012908
6096.0 	0.0014272
6098.0 	0.0015636
6100.0 	0.0017
6102.0 	0.0020552
6104.0 	0.0024104
6106.0 	0.0027656
6108.0 	0.0031208
6110.0 	0.003476
6112.0 	0.002894
6114.0 	0.002312
6116.0 	0.00173
6118.0 	0.001148
6120.0 	0.000566
6122.0 	0.000543
6124.0 	0.00052
6126.0 	0.000497
6128.0 	0.000474
6130.0 	0.000451
6132.0 	0.0008708
6134.0 	0.0012906
6136.0 	0.0017104
6138.0 	0.0021302
6140.0 	0.00255
6142.0 	0.0025974
6144.0 	0.0026448
6146.0 	0.0026922
6148.0 	0.0027396
6150.0 	0.002787
6152.0 	0.0023736
6154.0 	0.0019602
6156.0 	0.0015468
6158.0 	0.0011334
6160.0 	0.00072
6162.0 	0.0008464
6164.0 	0.0009728
6166.0 	0.0010992
6168.0 	0.0012256
6170.0 	0.001352
6172.0 	0.0011994
6174.0 	0.0010468
6176.0 	0.0008942
6178.0 	0.0007416
6180.0 	0.000589
6182.0 	0.000717
6184.0 	0.000845
6186.0 	0.000973
6188.0 	0.001101
6190.0 	0.001229
6192.0 	0.0012452
6194.0 	0.0012614
6196.0 	0.0012776
6198.0 	0.0012938
6200.0 	0.00131
6202.0 	0.0012416
6204.0 	0.0011732
6206.0 	0.0011048
6208.0 	0.0010364
6210.0 	0.000968
6212.0 	0.0010196
6214.0 	0.0010712
6216.0 	0.0011228
6218.0 	0.0011744
6220.0 	0.001226
6222.0 	0.001747
6224.0 	0.002268
6226.0 	0.002789
6228.0 	0.00331
6230.0 	0.003831
6232.0 	0.0037182
6234.0 	0.0036054
6236.0 	0.0034926
6238.0 	0.0033798
6240.0 	0.003267
6242.0 	0.0026816
6244.0 	0.0020962
6246.0 	0.0015108
6248.0 	0.0009254
6250.0 	0.00034
6252.0 	0.0005588
6254.0 	0.0007776
6256.0 	0.0009964
6258.0 	0.0012152
6260.0 	0.001434
6262.0 	0.0019238
6264.0 	0.0024136
6266.0 	0.0029034
6268.0 	0.0033932
6270.0 	0.003883
6272.0 	0.0036636
6274.0 	0.0034442
6276.0 	0.0032248
6278.0 	0.0030054
6280.0 	0.002786
6282.0 	0.0024436
6284.0 	0.0021012
6286.0 	0.0017588
6288.0 	0.0014164
6290.0 	0.001074
6292.0 	0.0013716
6294.0 	0.0016692
6296.0 	0.0019668
6298.0 	0.0022644
6300.0 	0.002562
6302.0 	0.0028518
6304.0 	0.0031416
6306.0 	0.0034314
6308.0 	0.0037212
6310.0 	0.004011
6312.0 	0.0044452
6314.0 	0.0048794
6316.0 	0.0053136
6318.0 	0.0057478
6320.0 	0.006182
6322.0 	0.0051134
6324.0 	0.0040448
6326.0 	0.0029762
6328.0 	0.0019076
6330.0 	0.000839
6332.0 	0.0007262
6334.0 	0.0006134
6336.0 	0.0005006
6338.0 	0.0003878
6340.0 	0.000275
6342.0 	0.00046
6344.0 	0.000645
6346.0 	0.00083
6348.0 	0.001015
6350.0 	0.0012
6352.0 	0.0012942
6354.0 	0.0013884
6356.0 	0.0014826
6358.0 	0.0015768
6360.0 	0.001671
6362.0 	0.0014638
6364.0 	0.0012566
6366.0 	0.0010494
6368.0 	0.0008422
6370.0 	0.000635
6372.0 	0.0005222
6374.0 	0.0004094
6376.0 	0.0002966
6378.0 	0.0001838
6380.0 	7.1E-05
6382.0 	0.0005168
6384.0 	0.0009626
6386.0 	0.0014084
6388.0 	0.0018542
6390.0 	0.0023
6392.0 	0.0024736
6394.0 	0.0026472
6396.0 	0.0028208
6398.0 	0.0029944
6400.0 	0.003168
6402.0 	0.0026126
6404.0 	0.0020572
6406.0 	0.0015018
6408.0 	0.0009464
6410.0 	0.000391
6412.0 	0.0007422
6414.0 	0.0010934
6416.0 	0.0014446
6418.0 	0.0017958
6420.0 	0.002147
6422.0 	0.0022898
6424.0 	0.0024326
6426.0 	0.0025754
6428.0 	0.0027182
6430.0 	0.002861
6432.0 	0.0033916
6434.0 	0.0039222
6436.0 	0.0044528
6438.0 	0.0049834
6440.0 	0.005514
6442.0 	0.0048368
6444.0 	0.0041596
6446.0 	0.0034824
6448.0 	0.0028052
6450.0 	0.002128
6452.0 	0.0020512
6454.0 	0.0019744
6456.0 	0.0018976
6458.0 	0.0018208
6460.0 	0.001744
6462.0 	0.0017674
6464.0 	0.0017908
6466.0 	0.0018142
6468.0 	0.0018376
6470.0 	0.001861
6472.0 	0.0015672
6474.0 	0.0012734
6476.0 	0.0009796
6478.0 	0.0006858
6480.0 	0.000392
6482.0 	0.0005672
6484.0 	0.0007424
6486.0 	0.0009176
6488.0 	0.0010928
6490.0 	0.001268
6492.0 	0.0015912
6494.0 	0.0019144
6496.0 	0.0022376
6498.0 	0.0025608
6500.0 	0.002884
6502.0 	0.002593
6504.0 	0.002302
6506.0 	0.002011
6508.0 	0.00172
6510.0 	0.001429
6512.0 	0.002188
6514.0 	0.002947
6516.0 	0.003706
6518.0 	0.004465
6520.0 	0.005224
6522.0 	0.0043552
6524.0 	0.0034864
6526.0 	0.0026176
6528.0 	0.0017488
6530.0 	0.00088
6532.0 	0.0008874
6534.0 	0.0008948
6536.0 	0.0009022
6538.0 	0.0009096
6540.0 	0.000917
6542.0 	0.0009866
6544.0 	0.0010562
6546.0 	0.0011258
6548.0 	0.0011954
6550.0 	0.001265
6552.0 	0.0026336
6554.0 	0.0040022
6556.0 	0.0053708
6558.0 	0.0067394
6560.0 	0.008108
6562.0 	0.007475
6564.0 	0.006842
6566.0 	0.006209
6568.0 	0.005576
6570.0 	0.004943
6572.0 	0.0042502
6574.0 	0.0035574
6576.0 	0.0028646
6578.0 	0.0021718
6580.0 	0.001479
6582.0 	0.001542
6584.0 	0.001605
6586.0 	0.001668
6588.0 	0.001731
6590.0 	0.001794
6592.0 	0.0025518
6594.0 	0.0033096
6596.0 	0.0040674
6598.0 	0.0048252
6600.0 	0.005583
6602.0 	0.0051458
6604.0 	0.0047086
6606.0 	0.0042714
6608.0 	0.0038342
6610.0 	0.003397
6612.0 	0.0030154
6614.0 	0.0026338
6616.0 	0.0022522
6618.0 	0.0018706
6620.0 	0.001489
6622.0 	0.002421
6624.0 	0.003353
6626.0 	0.004285
6628.0 	0.005217
6630.0 	0.006149
6632.0 	0.0069398
6634.0 	0.0077306
6636.0 	0.0085214
6638.0 	0.0093122
6640.0 	0.010103
6642.0 	0.0109694
6644.0 	0.0118358
6646.0 	0.0127022
6648.0 	0.0135686
6650.0 	0.014435
6652.0 	0.0133024
6654.0 	0.0121698
6656.0 	0.0110372
6658.0 	0.0099046
6660.0 	0.008772
6662.0 	0.0079762
6664.0 	0.0071804
6666.0 	0.0063846
6668.0 	0.0055888
6670.0 	0.004793
6672.0 	0.0059698
6674.0 	0.0071466
6676.0 	0.0083234
6678.0 	0.0095002
6680.0 	0.010677
6682.0 	0.012387
6684.0 	0.014097
6686.0 	0.015807
6688.0 	0.017517
6690.0 	0.019227
6692.0 	0.018683
6694.0 	0.018139
6696.0 	0.017595
6698.0 	0.017051
6700.0 	0.016507
6702.0 	0.0156804
6704.0 	0.0148538
6706.0 	0.0140272
6708.0 	0.0132006
6710.0 	0.012374
6712.0 	0.0125758
6714.0 	0.0127776
6716.0 	0.0129794
6718.0 	0.0131812
6720.0 	0.013383
6722.0 	0.0143422
6724.0 	0.0153014
6726.0 	0.0162606
6728.0 	0.0172198
6730.0 	0.018179
6732.0 	0.0189374
6734.0 	0.0196958
6736.0 	0.0204542
6738.0 	0.0212126
6740.0 	0.021971
6742.0 	0.021682
6744.0 	0.021393
6746.0 	0.021104
6748.0 	0.020815
6750.0 	0.020526
6752.0 	0.0194796
6754.0 	0.0184332
6756.0 	0.0173868
6758.0 	0.0163404
6760.0 	0.015294
6762.0 	0.016638
6764.0 	0.017982
6766.0 	0.019326
6768.0 	0.02067
6770.0 	0.022014
6772.0 	0.0225818
6774.0 	0.0231496
6776.0 	0.0237174
6778.0 	0.0242852
6780.0 	0.024853
6782.0 	0.0246388
6784.0 	0.0244246
6786.0 	0.0242104
6788.0 	0.0239962
6790.0 	0.023782
6792.0 	0.0242414
6794.0 	0.0247008
6796.0 	0.0251602
6798.0 	0.0256196
6800.0 	0.026079
6802.0 	0.0278392
6804.0 	0.0295994
6806.0 	0.0313596
6808.0 	0.0331198
6810.0 	0.03488
6812.0 	0.0357966
6814.0 	0.0367132
6816.0 	0.0376298
6818.0 	0.0385464
6820.0 	0.039463
6822.0 	0.0397152
6824.0 	0.0399674
6826.0 	0.0402196
6828.0 	0.0404718
6830.0 	0.040724
6832.0 	0.0430318
6834.0 	0.0453396
6836.0 	0.0476474
6838.0 	0.0499552
6840.0 	0.052263
6842.0 	0.0556664
6844.0 	0.0590698
6846.0 	0.0624732
6848.0 	0.0658766
6850.0 	0.06928
6852.0 	0.0713762
6854.0 	0.0734724
6856.0 	0.0755686
6858.0 	0.0776648
6860.0 	0.079761
6862.0 	0.083401
6864.0 	0.087041
6866.0 	0.090681
6868.0 	0.094321
6870.0 	0.097961
6872.0 	0.1018708
6874.0 	0.1057806
6876.0 	0.1096904
6878.0 	0.1136002
6880.0 	0.11751
6882.0 	0.1216136
6884.0 	0.1257172
6886.0 	0.1298208
6888.0 	0.1339244
6890.0 	0.138028
6892.0 	0.1428536
6894.0 	0.1476792
6896.0 	0.1525048
6898.0 	0.1573304
6900.0 	0.162156
6902.0 	0.1685532
6904.0 	0.1749504
6906.0 	0.1813476
6908.0 	0.1877448
6910.0 	0.194142
6912.0 	0.1991338
6914.0 	0.2041256
6916.0 	0.2091174
6918.0 	0.2141092
6920.0 	0.219101
6922.0 	0.223579
6924.0 	0.228057
6926.0 	0.232535
6928.0 	0.237013
6930.0 	0.241491
6932.0 	0.2465018
6934.0 	0.2515126
6936.0 	0.2565234
6938.0 	0.2615342
6940.0 	0.266545
6942.0 	0.2728344
6944.0 	0.2791238
6946.0 	0.2854132
6948.0 	0.2917026
6950.0 	0.297992
6952.0 	0.3060092
6954.0 	0.3140264
6956.0 	0.3220436
6958.0 	0.3300608
6960.0 	0.338078
6962.0 	0.3449032
6964.0 	0.3517284
6966.0 	0.3585536
6968.0 	0.3653788
6970.0 	0.372204
6972.0 	0.3839722
6974.0 	0.3957404
6976.0 	0.4075086
6978.0 	0.4192768
6980.0 	0.431045
6982.0 	0.4431048
6984.0 	0.4551646
6986.0 	0.4672244
6988.0 	0.4792842
6990.0 	0.491344
6992.0 	0.510545
6994.0 	0.529746
6996.0 	0.548947
6998.0 	0.568148
7000.0 	0.587349
7002.0 	0.6103542
7004.0 	0.6333594
7006.0 	0.6563646
7008.0 	0.6793698
7010.0 	0.702375
7012.0 	0.7327456
7014.0 	0.7631162
7016.0 	0.7934868
7018.0 	0.8238574
7020.0 	0.854228
7022.0 	0.8952344
7024.0 	0.9362408
7026.0 	0.9772472
7028.0 	1.0182536
7030.0 	1.05926
7032.0 	1.111168
7034.0 	1.163076
7036.0 	1.214984
7038.0 	1.266892
7040.0 	1.3188
7042.0 	1.389842
7044.0 	1.460884
7046.0 	1.531926
7048.0 	1.602968
7050.0 	1.67401
7052.0 	1.76912
7054.0 	1.86423
7056.0 	1.95934
7058.0 	2.05445
7060.0 	2.14956
7062.0 	2.273116
7064.0 	2.396672
7066.0 	2.520228
7068.0 	2.643784
7070.0 	2.76734
7072.0 	2.931034
7074.0 	3.094728
7076.0 	3.258422
7078.0 	3.422116
7080.0 	3.58581
7082.0 	3.787132
7084.0 	3.988454
7086.0 	4.189776
7088.0 	4.391098
7090.0 	4.59242
7092.0 	4.84782
7094.0 	5.10322
7096.0 	5.35862
7098.0 	5.61402
7100.0 	5.86942
7102.0 	6.16721
7104.0 	6.465
7106.0 	6.76279
7108.0 	7.06058
7110.0 	7.35837
7112.0 	7.714124
7114.0 	8.069878
7116.0 	8.425632
7118.0 	8.781386
7120.0 	9.13714
7122.0 	9.563792
7124.0 	9.990444
7126.0 	10.417096
7128.0 	10.843748
7130.0 	11.2704
7132.0 	11.75324
7134.0 	12.23608
7136.0 	12.71892
7138.0 	13.20176
7140.0 	13.6846
7142.0 	14.24728
7144.0 	14.80996
7146.0 	15.37264
7148.0 	15.93532
7150.0 	16.498
7152.0 	17.16436
7154.0 	17.83072
7156.0 	18.49708
7158.0 	19.16344
7160.0 	19.8298
7162.0 	20.6371
7164.0 	21.4444
7166.0 	22.2517
7168.0 	23.059
7170.0 	23.8663
7172.0 	24.81562
7174.0 	25.76494
7176.0 	26.71426
7178.0 	27.66358
7180.0 	28.6129
7182.0 	29.80106
7184.0 	30.98922
7186.0 	32.17738
7188.0 	33.36554
7190.0 	34.5537
7192.0 	35.96518
7194.0 	37.37666
7196.0 	38.78814
7198.0 	40.19962
7200.0 	41.6111
7202.0 	43.20604
7204.0 	44.80098
7206.0 	46.39592
7208.0 	47.99086
7210.0 	49.5858
7212.0 	51.37924
7214.0 	53.17268
7216.0 	54.96612
7218.0 	56.75956
7220.0 	58.553
7222.0 	60.41932
7224.0 	62.28564
7226.0 	64.15196
7228.0 	66.01828
7230.0 	67.8846
7232.0 	69.64558
7234.0 	71.40656
7236.0 	73.16754
7238.0 	74.92852
7240.0 	76.6895
7242.0 	78.20664
7244.0 	79.72378
7246.0 	81.24092
7248.0 	82.75806
7250.0 	84.2752
7252.0 	85.4999
7254.0 	86.7246
7256.0 	87.9493
7258.0 	89.174
7260.0 	90.3987
7262.0 	91.18244
7264.0 	91.96618
7266.0 	92.74992
7268.0 	93.53366
7270.0 	94.3174
7272.0 	94.86172
7274.0 	95.40604
7276.0 	95.95036
7278.0 	96.49468
7280.0 	97.039
7282.0 	97.35532
7284.0 	97.67164
7286.0 	97.98796
7288.0 	98.30428
7290.0 	98.6206
7292.0 	98.72854
7294.0 	98.83648
7296.0 	98.94442
7298.0 	99.05236
7300.0 	99.1603
7302.0 	99.2138
7304.0 	99.2673
7306.0 	99.3208
7308.0 	99.3743
7310.0 	99.4278
7312.0 	99.41326
7314.0 	99.39872
7316.0 	99.38418
7318.0 	99.36964
7320.0 	99.3551
7322.0 	99.31756
7324.0 	99.28002
7326.0 	99.24248
7328.0 	99.20494
7330.0 	99.1674
7332.0 	99.18746
7334.0 	99.20752
7336.0 	99.22758
7338.0 	99.24764
7340.0 	99.2677
7342.0 	99.2571
7344.0 	99.2465
7346.0 	99.2359
7348.0 	99.2253
7350.0 	99.2147
7352.0 	99.24052
7354.0 	99.26634
7356.0 	99.29216
7358.0 	99.31798
7360.0 	99.3438
7362.0 	99.37484
7364.0 	99.40588
7366.0 	99.43692
7368.0 	99.46796
7370.0 	99.499
7372.0 	99.54698
7374.0 	99.59496
7376.0 	99.64294
7378.0 	99.69092
7380.0 	99.7389
7382.0 	99.70986
7384.0 	99.68082
7386.0 	99.65178
7388.0 	99.62274
7390.0 	99.5937
7392.0 	99.59614
7394.0 	99.59858
7396.0 	99.60102
7398.0 	99.60346
7400.0 	99.6059
7402.0 	99.63348
7404.0 	99.66106
7406.0 	99.68864
7408.0 	99.71622
7410.0 	99.7438
7412.0 	99.6984
7414.0 	99.653
7416.0 	99.6076
7418.0 	99.5622
7420.0 	99.5168
7422.0 	99.51766
7424.0 	99.51852
7426.0 	99.51938
7428.0 	99.52024
7430.0 	99.5211
7432.0 	99.5416
7434.0 	99.5621
7436.0 	99.5826
7438.0 	99.6031
7440.0 	99.6236
7442.0 	99.63684
7444.0 	99.65008
7446.0 	99.66332
7448.0 	99.67656
7450.0 	99.6898
7452.0 	99.69076
7454.0 	99.69172
7456.0 	99.69268
7458.0 	99.69364
7460.0 	99.6946
7462.0 	99.70146
7464.0 	99.70832
7466.0 	99.71518
7468.0 	99.72204
7470.0 	99.7289
7472.0 	99.6956
7474.0 	99.6623
7476.0 	99.629
7478.0 	99.5957
7480.0 	99.5624
7482.0 	99.5993
7484.0 	99.6362
7486.0 	99.6731
7488.0 	99.71
7490.0 	99.7469
7492.0 	99.77714
7494.0 	99.80738
7496.0 	99.83762
7498.0 	99.86786
7500.0 	99.8981
7502.0 	99.83438
7504.0 	99.77066
7506.0 	99.70694
7508.0 	99.64322
7510.0 	99.5795
7512.0 	99.60616
7514.0 	99.63282
7516.0 	99.65948
7518.0 	99.68614
7520.0 	99.7128
7522.0 	99.7023
7524.0 	99.6918
7526.0 	99.6813
7528.0 	99.6708
7530.0 	99.6603
7532.0 	99.63694
7534.0 	99.61358
7536.0 	99.59022
7538.0 	99.56686
7540.0 	99.5435
7542.0 	99.587
7544.0 	99.6305
7546.0 	99.674
7548.0 	99.7175
7550.0 	99.761
7552.0 	99.7436
7554.0 	99.7262
7556.0 	99.7088
7558.0 	99.6914
7560.0 	99.674
7562.0 	99.6644
7564.0 	99.6548
7566.0 	99.6452
7568.0 	99.6356
7570.0 	99.626
7572.0 	99.63012
7574.0 	99.63424
7576.0 	99.63836
7578.0 	99.64248
7580.0 	99.6466
7582.0 	99.6639
7584.0 	99.6812
7586.0 	99.6985
7588.0 	99.7158
7590.0 	99.7331
7592.0 	99.71952
7594.0 	99.70594
7596.0 	99.69236
7598.0 	99.67878
7600.0 	99.6652
7602.0 	99.67652
7604.0 	99.68784
7606.0 	99.69916
7608.0 	99.71048
7610.0 	99.7218
7612.0 	99.71252
7614.0 	99.70324
7616.0 	99.69396
7618.0 	99.68468
7620.0 	99.6754
7622.0 	99.66942
7624.0 	99.66344
7626.0 	99.65746
7628.0 	99.65148
7630.0 	99.6455
7632.0 	99.68206
7634.0 	99.71862
7636.0 	99.75518
7638.0 	99.79174
7640.0 	99.8283
7642.0 	99.83396
7644.0 	99.83962
7646.0 	99.84528
7648.0 	99.85094
7650.0 	99.8566
7652.0 	99.79942
7654.0 	99.74224
7656.0 	99.68506
7658.0 	99.62788
7660.0 	99.5707
7662.0 	99.5879
7664.0 	99.6051
7666.0 	99.6223
7668.0 	99.6395
7670.0 	99.6567
7672.0 	99.6707
7674.0 	99.6847
7676.0 	99.6987
7678.0 	99.7127
7680.0 	99.7267
7682.0 	99.75652
7684.0 	99.78634
7686.0 	99.81616
7688.0 	99.84598
7690.0 	99.8758
7692.0 	99.8331
7694.0 	99.7904
7696.0 	99.7477
7698.0 	99.705
7700.0 	99.6623
7702.0 	99.67668
7704.0 	99.69106
7706.0 	99.70544
7708.0 	99.71982
7710.0 	99.7342
7712.0 	99.73746
7714.0 	99.74072
7716.0 	99.74398
7718.0 	99.74724
7720.0 	99.7505
7722.0 	99.7044
7724.0 	99.6583
7726.0 	99.6122
7728.0 	99.5661
7730.0 	99.52
7732.0 	99.55176
7734.0 	99.58352
7736.0 	99.61528
7738.0 	99.64704
7740.0 	99.6788
7742.0 	99.6465
7744.0 	99.6142
7746.0 	99.5819
7748.0 	99.5496
7750.0 	99.5173
7752.0 	99.56232
7754.0 	99.60734
7756.0 	99.65236
7758.0 	99.69738
7760.0 	99.7424
7762.0 	99.7822
7764.0 	99.822
7766.0 	99.8618
7768.0 	99.9016
7770.0 	99.9414
7772.0 	99.90376
7774.0 	99.86612
7776.0 	99.82848
7778.0 	99.79084
7780.0 	99.7532
7782.0 	99.75914
7784.0 	99.76508
7786.0 	99.77102
7788.0 	99.77696
7790.0 	99.7829
7792.0 	99.75832
7794.0 	99.73374
7796.0 	99.70916
7798.0 	99.68458
7800.0 	99.66
7802.0 	99.71828
7804.0 	99.77656
7806.0 	99.83484
7808.0 	99.89312
7810.0 	99.9514
7812.0 	99.88656
7814.0 	99.82172
7816.0 	99.75688
7818.0 	99.69204
7820.0 	99.6272
7822.0 	99.688
7824.0 	99.7488
7826.0 	99.8096
7828.0 	99.8704
7830.0 	99.9312
7832.0 	99.87882
7834.0 	99.82644
7836.0 	99.77406
7838.0 	99.72168
7840.0 	99.6693
7842.0 	99.69894
7844.0 	99.72858
7846.0 	99.75822
7848.0 	99.78786
7850.0 	99.8175
7852.0 	99.78892
7854.0 	99.76034
7856.0 	99.73176
7858.0 	99.70318
7860.0 	99.6746
7862.0 	99.6792
7864.0 	99.6838
7866.0 	99.6884
7868.0 	99.693
7870.0 	99.6976
7872.0 	99.74994
7874.0 	99.80228
7876.0 	99.85462
7878.0 	99.90696
7880.0 	99.9593
7882.0 	99.91132
7884.0 	99.86334
7886.0 	99.81536
7888.0 	99.76738
7890.0 	99.7194
7892.0 	99.7403
7894.0 	99.7612
7896.0 	99.7821
7898.0 	99.803
7900.0 	99.8239
7902.0 	99.81656
7904.0 	99.80922
7906.0 	99.80188
7908.0 	99.79454
7910.0 	99.7872
7912.0 	99.74168
7914.0 	99.69616
7916.0 	99.65064
7918.0 	99.60512
7920.0 	99.5596
7922.0 	99.61604
7924.0 	99.67248
7926.0 	99.72892
7928.0 	99.78536
7930.0 	99.8418
7932.0 	99.8711
7934.0 	99.9004
7936.0 	99.9297
7938.0 	99.959
7940.0 	99.9883
7942.0 	99.96776
7944.0 	99.94722
7946.0 	99.92668
7948.0 	99.90614
7950.0 	99.8856
7952.0 	99.89826
7954.0 	99.91092
7956.0 	99.92358
7958.0 	99.93624
7960.0 	99.9489
7962.0 	99.9141
7964.0 	99.8793
7966.0 	99.8445
7968.0 	99.8097
7970.0 	99.7749
7972.0 	99.7401
7974.0 	99.7053
7976.0 	99.6705
7978.0 	99.6357
7980.0 	99.6009
7982.0 	99.6177
7984.0 	99.6345
7986.0 	99.6513
7988.0 	99.6681
7990.0 	99.6849
7992.0 	99.72138
7994.0 	99.75786
7996.0 	99.79434
7998.0 	99.83082
8000.0 	99.8673
8002.0 	99.88556
8004.0 	99.90382
8006.0 	99.92208
8008.0 	99.94034
8010.0 	99.9586
8012.0 	99.91996
8014.0 	99.88132
8016.0 	99.84268
8018.0 	99.80404
8020.0 	99.7654
8022.0 	99.76538
8024.0 	99.76536
8026.0 	99.76534
8028.0 	99.76532
8030.0 	99.7653
8032.0 	99.76528
8034.0 	99.76526
8036.0 	99.76524
8038.0 	99.76522
8040.0 	99.7652
8042.0 	99.79712
8044.0 	99.82904
8046.0 	99.86096
8048.0 	99.89288
8050.0 	99.9248
8052.0 	99.88604
8054.0 	99.84728
8056.0 	99.80852
8058.0 	99.76976
8060.0 	99.731
8062.0 	99.76856
8064.0 	99.80612
8066.0 	99.84368
8068.0 	99.88124
8070.0 	99.9188
8072.0 	99.92664
8074.0 	99.93448
8076.0 	99.94232
8078.0 	99.95016
8080.0 	99.958
8082.0 	99.8933
8084.0 	99.8286
8086.0 	99.7639
8088.0 	99.6992
8090.0 	99.6345
8092.0 	99.67392
8094.0 	99.71334
8096.0 	99.75276
8098.0 	99.79218
8100.0 	99.8316
8102.0 	99.83608
8104.0 	99.84056
8106.0 	99.84504
8108.0 	99.84952
8110.0 	99.854
8112.0 	99.85756
8114.0 	99.86112
8116.0 	99.86468
8118.0 	99.86824
8120.0 	99.8718
8122.0 	99.8678
8124.0 	99.8638
8126.0 	99.8598
8128.0 	99.8558
8130.0 	99.8518
8132.0 	99.8478
8134.0 	99.8438
8136.0 	99.8398
8138.0 	99.8358
8140.0 	99.8318
8142.0 	99.80998
8144.0 	99.78816
8146.0 	99.76634
8148.0 	99.74452
8150.0 	99.7227
8152.0 	99.72438
8154.0 	99.72606
8156.0 	99.72774
8158.0 	99.72942
8160.0 	99.7311
8162.0 	99.72524
8164.0 	99.71938
8166.0 	99.71352
8168.0 	99.70766
8170.0 	99.7018
8172.0 	99.71502
8174.0 	99.72824
8176.0 	99.74146
8178.0 	99.75468
8180.0 	99.7679
8182.0 	99.79182
8184.0 	99.81574
8186.0 	99.83966
8188.0 	99.86358
8190.0 	99.8875
8192.0 	99.85388
8194.0 	99.82026
8196.0 	99.78664
8198.0 	99.75302
8200.0 	99.7194
8202.0 	99.68076
8204.0 	99.64212
8206.0 	99.60348
8208.0 	99.56484
8210.0 	99.5262
8212.0 	99.55818
8214.0 	99.59016
8216.0 	99.62214
8218.0 	99.65412
8220.0 	99.6861
8222.0 	99.7401
8224.0 	99.7941
8226.0 	99.8481
8228.0 	99.9021
8230.0 	99.9561
8232.0 	99.8818
8234.0 	99.8075
8236.0 	99.7332
8238.0 	99.6589
8240.0 	99.5846
8242.0 	99.65198
8244.0 	99.71936
8246.0 	99.78674
8248.0 	99.85412
8250.0 	99.9215
8252.0 	99.89988
8254.0 	99.87826
8256.0 	99.85664
8258.0 	99.83502
8260.0 	99.8134
8262.0 	99.78222
8264.0 	99.75104
8266.0 	99.71986
8268.0 	99.68868
8270.0 	99.6575
8272.0 	99.71364
8274.0 	99.76978
8276.0 	99.82592
8278.0 	99.88206
8280.0 	99.9382
8282.0 	99.90242
8284.0 	99.86664
8286.0 	99.83086
8288.0 	99.79508
8290.0 	99.7593
8292.0 	99.78464
8294.0 	99.80998
8296.0 	99.83532
8298.0 	99.86066
8300.0 	99.886
8302.0 	99.8705
8304.0 	99.855
8306.0 	99.8395
8308.0 	99.824
8310.0 	99.8085
8312.0 	99.77948
8314.0 	99.75046
8316.0 	99.72144
8318.0 	99.69242
8320.0 	99.6634
8322.0 	99.71676
8324.0 	99.77012
8326.0 	99.82348
8328.0 	99.87684
8330.0 	99.9302
8332.0 	99.853
8334.0 	99.7758
8336.0 	99.6986
8338.0 	99.6214
8340.0 	99.5442
8342.0 	99.5834
8344.0 	99.6226
8346.0 	99.6618
8348.0 	99.701
8350.0 	99.7402
8352.0 	99.73544
8354.0 	99.73068
8356.0 	99.72592
8358.0 	99.72116
8360.0 	99.7164
8362.0 	99.71662
8364.0 	99.71684
8366.0 	99.71706
8368.0 	99.71728
8370.0 	99.7175
8372.0 	99.71664
8374.0 	99.71578
8376.0 	99.71492
8378.0 	99.71406
8380.0 	99.7132
8382.0 	99.6396
8384.0 	99.566
8386.0 	99.4924
8388.0 	99.4188
8390.0 	99.3452
8392.0 	99.39192
8394.0 	99.43864
8396.0 	99.48536
8398.0 	99.53208
8400.0 	99.5788
8402.0 	99.5622
8404.0 	99.5456
8406.0 	99.529
8408.0 	99.5124
8410.0 	99.4958
8412.0 	99.50004
8414.0 	99.50428
8416.0 	99.50852
8418.0 	99.51276
8420.0 	99.517
8422.0 	99.47376
8424.0 	99.43052
8426.0 	99.38728
8428.0 	99.34404
8430.0 	99.3008
8432.0 	99.35826
8434.0 	99.41572
8436.0 	99.47318
8438.0 	99.53064
8440.0 	99.5881
8442.0 	99.59924
8444.0 	99.61038
8446.0 	99.62152
8448.0 	99.63266
8450.0 	99.6438
8452.0 	99.67002
8454.0 	99.69624
8456.0 	99.72246
8458.0 	99.74868
8460.0 	99.7749
8462.0 	99.71166
8464.0 	99.64842
8466.0 	99.58518
8468.0 	99.52194
8470.0 	99.4587
8472.0 	99.53004
8474.0 	99.60138
8476.0 	99.67272
8478.0 	99.74406
8480.0 	99.8154
8482.0 	99.72284
8484.0 	99.63028
8486.0 	99.53772
8488.0 	99.44516
8490.0 	99.3526
8492.0 	99.36734
8494.0 	99.38208
8496.0 	99.39682
8498.0 	99.41156
8500.0 	99.4263
8502.0 	99.50282
8504.0 	99.57934
8506.0 	99.65586
8508.0 	99.73238
8510.0 	99.8089
8512.0 	99.81762
8514.0 	99.82634
8516.0 	99.83506
8518.0 	99.84378
8520.0 	99.8525
8522.0 	99.79442
8524.0 	99.73634
8526.0 	99.67826
8528.0 	99.62018
8530.0 	99.5621
8532.0 	99.5626
8534.0 	99.5631
8536.0 	99.5636
8538.0 	99.5641
8540.0 	99.5646
8542.0 	99.5889
8544.0 	99.6132
8546.0 	99.6375
8548.0 	99.6618
8550.0 	99.6861
8552.0 	99.70262
8554.0 	99.71914
8556.0 	99.73566
8558.0 	99.75218
8560.0 	99.7687
8562.0 	99.74196
8564.0 	99.71522
8566.0 	99.68848
8568.0 	99.66174
8570.0 	99.635
8572.0 	99.65224
8574.0 	99.66948
8576.0 	99.68672
8578.0 	99.70396
8580.0 	99.7212
8582.0 	99.6935
8584.0 	99.6658
8586.0 	99.6381
8588.0 	99.6104
8590.0 	99.5827
8592.0 	99.5765
8594.0 	99.5703
8596.0 	99.5641
8598.0 	99.5579
8600.0 	99.5517
8602.0 	99.56712
8604.0 	99.58254
8606.0 	99.59796
8608.0 	99.61338
8610.0 	99.6288
8612.0 	99.64048
8614.0 	99.65216
8616.0 	99.66384
8618.0 	99.67552
8620.0 	99.6872
8622.0 	99.65942
8624.0 	99.63164
8626.0 	99.60386
8628.0 	99.57608
8630.0 	99.5483
8632.0 	99.53782
8634.0 	99.52734
8636.0 	99.51686
8638.0 	99.50638
8640.0 	99.4959
8642.0 	99.41608
8644.0 	99.33626
8646.0 	99.25644
8648.0 	99.17662
8650.0 	99.0968
8652.0 	98.88818
8654.0 	98.67956
8656.0 	98.47094
8658.0 	98.26232
8660.0 	98.0537
8662.0 	97.66758
8664.0 	97.28146
8666.0 	96.89534
8668.0 	96.50922
8670.0 	96.1231
8672.0 	95.48532
8674.0 	94.84754
8676.0 	94.20976
8678.0 	93.57198
8680.0 	92.9342
8682.0 	92.00654
8684.0 	91.07888
8686.0 	90.15122
8688.0 	89.22356
8690.0 	88.2959
8692.0 	86.93598
8694.0 	85.57606
8696.0 	84.21614
8698.0 	82.85622
8700.0 	81.4963
8702.0 	79.78152
8704.0 	78.06674
8706.0 	76.35196
8708.0 	74.63718
8710.0 	72.9224
8712.0 	70.95402
8714.0 	68.98564
8716.0 	67.01726
8718.0 	65.04888
8720.0 	63.0805
8722.0 	60.9806
8724.0 	58.8807
8726.0 	56.7808
8728.0 	54.6809
8730.0 	52.581
8732.0 	50.58496
8734.0 	48.58892
8736.0 	46.59288
8738.0 	44.59684
8740.0 	42.6008
8742.0 	40.78134
8744.0 	38.96188
8746.0 	37.14242
8748.0 	35.32296
8750.0 	33.5035
8752.0 	31.963
8754.0 	30.4225
8756.0 	28.882
8758.0 	27.3415
8760.0 	25.801
8762.0 	24.55632
8764.0 	23.31164
8766.0 	22.06696
8768.0 	20.82228
8770.0 	19.5776
8772.0 	18.60374
8774.0 	17.62988
8776.0 	16.65602
8778.0 	15.68216
8780.0 	14.7083
8782.0 	13.98214
8784.0 	13.25598
8786.0 	12.52982
8788.0 	11.80366
8790.0 	11.0775
8792.0 	10.527072
8794.0 	9.976644
8796.0 	9.426216
8798.0 	8.875788
8800.0 	8.32536
8802.0 	7.91651
8804.0 	7.50766
8806.0 	7.09881
8808.0 	6.68996
8810.0 	6.28111
8812.0 	5.98023
8814.0 	5.67935
8816.0 	5.37847
8818.0 	5.07759
8820.0 	4.77671
8822.0 	4.552448
8824.0 	4.328186
8826.0 	4.103924
8828.0 	3.879662
8830.0 	3.6554
8832.0 	3.489318
8834.0 	3.323236
8836.0 	3.157154
8838.0 	2.991072
8840.0 	2.82499
8842.0 	2.698906
8844.0 	2.572822
8846.0 	2.446738
8848.0 	2.320654
8850.0 	2.19457
8852.0 	2.101246
8854.0 	2.007922
8856.0 	1.914598
8858.0 	1.821274
8860.0 	1.72795
8862.0 	1.654214
8864.0 	1.580478
8866.0 	1.506742
8868.0 	1.433006
8870.0 	1.35927
8872.0 	1.30415
8874.0 	1.24903
8876.0 	1.19391
8878.0 	1.13879
8880.0 	1.08367
8882.0 	1.0389082
8884.0 	0.9941464
8886.0 	0.9493846
8888.0 	0.9046228
8890.0 	0.859861
8892.0 	0.8276884
8894.0 	0.7955158
8896.0 	0.7633432
8898.0 	0.7311706
8900.0 	0.698998
8902.0 	0.674173
8904.0 	0.649348
8906.0 	0.624523
8908.0 	0.599698
8910.0 	0.574873
8912.0 	0.5523612
8914.0 	0.5298494
8916.0 	0.5073376
8918.0 	0.4848258
8920.0 	0.462314
8922.0 	0.4477964
8924.0 	0.4332788
8926.0 	0.4187612
8928.0 	0.4042436
8930.0 	0.389726
8932.0 	0.3751342
8934.0 	0.3605424
8936.0 	0.3459506
8938.0 	0.3313588
8940.0 	0.316767
8942.0 	0.3076476
8944.0 	0.2985282
8946.0 	0.2894088
8948.0 	0.2802894
8950.0 	0.27117
8952.0 	0.2614914
8954.0 	0.2518128
8956.0 	0.2421342
8958.0 	0.2324556
8960.0 	0.222777
8962.0 	0.2157448
8964.0 	0.2087126
8966.0 	0.2016804
8968.0 	0.1946482
8970.0 	0.187616
8972.0 	0.1804112
8974.0 	0.1732064
8976.0 	0.1660016
8978.0 	0.1587968
8980.0 	0.151592
8982.0 	0.1472796
8984.0 	0.1429672
8986.0 	0.1386548
8988.0 	0.1343424
8990.0 	0.13003
8992.0 	0.1270808
8994.0 	0.1241316
8996.0 	0.1211824
8998.0 	0.1182332
9000.0 	0.115284
9002.0 	0.111174
9004.0 	0.107064
9006.0 	0.102954
9008.0 	0.098844
9010.0 	0.094734
9012.0 	0.0918904
9014.0 	0.0890468
9016.0 	0.0862032
9018.0 	0.0833596
9020.0 	0.080516
9022.0 	0.0790914
9024.0 	0.0776668
9026.0 	0.0762422
9028.0 	0.0748176
9030.0 	0.073393
9032.0 	0.0708236
9034.0 	0.0682542
9036.0 	0.0656848
9038.0 	0.0631154
9040.0 	0.060546
9042.0 	0.0587662
9044.0 	0.0569864
9046.0 	0.0552066
9048.0 	0.0534268
9050.0 	0.051647
9052.0 	0.051
9054.0 	0.050353
9056.0 	0.049706
9058.0 	0.049059
9060.0 	0.048412
9062.0 	0.0460412
9064.0 	0.0436704
9066.0 	0.0412996
9068.0 	0.0389288
9070.0 	0.036558
9072.0 	0.0358242
9074.0 	0.0350904
9076.0 	0.0343566
9078.0 	0.0336228
9080.0 	0.032889
9082.0 	0.0327408
9084.0 	0.0325926
9086.0 	0.0324444
9088.0 	0.0322962
9090.0 	0.032148
9092.0 	0.0315126
9094.0 	0.0308772
9096.0 	0.0302418
9098.0 	0.0296064
9100.0 	0.028971
9102.0 	0.0280442
9104.0 	0.0271174
9106.0 	0.0261906
9108.0 	0.0252638
9110.0 	0.024337
9112.0 	0.0232238
9114.0 	0.0221106
9116.0 	0.0209974
9118.0 	0.0198842
9120.0 	0.018771
9122.0 	0.0186294
9124.0 	0.0184878
9126.0 	0.0183462
9128.0 	0.0182046
9130.0 	0.018063
9132.0 	0.0184558
9134.0 	0.0188486
9136.0 	0.0192414
9138.0 	0.0196342
9140.0 	0.020027
9142.0 	0.0176968
9144.0 	0.0153666
9146.0 	0.0130364
9148.0 	0.0107062
9150.0 	0.008376
9152.0 	0.008659
9154.0 	0.008942
9156.0 	0.009225
9158.0 	0.009508
9160.0 	0.009791
9162.0 	0.010166
9164.0 	0.010541
9166.0 	0.010916
9168.0 	0.011291
9170.0 	0.011666
9172.0 	0.0116562
9174.0 	0.0116464
9176.0 	0.0116366
9178.0 	0.0116268
9180.0 	0.011617
9182.0 	0.0105694
9184.0 	0.0095218
9186.0 	0.0084742
9188.0 	0.0074266
9190.0 	0.006379
9192.0 	0.006482
9194.0 	0.006585
9196.0 	0.006688
9198.0 	0.006791
9200.0 	0.006894
9202.0 	0.0068178
9204.0 	0.0067416
9206.0 	0.0066654
9208.0 	0.0065892
9210.0 	0.006513
9212.0 	0.0056768
9214.0 	0.0048406
9216.0 	0.0040044
9218.0 	0.0031682
9220.0 	0.002332
9222.0 	0.002833
9224.0 	0.003334
9226.0 	0.003835
9228.0 	0.004336
9230.0 	0.004837
9232.0 	0.0047744
9234.0 	0.0047118
9236.0 	0.0046492
9238.0 	0.0045866
9240.0 	0.004524
9242.0 	0.0042148
9244.0 	0.0039056
9246.0 	0.0035964
9248.0 	0.0032872
9250.0 	0.002978
9252.0 	0.002668
9254.0 	0.002358
9256.0 	0.002048
9258.0 	0.001738
9260.0 	0.001428
9262.0 	0.0019842
9264.0 	0.0025404
9266.0 	0.0030966
9268.0 	0.0036528
9270.0 	0.004209
9272.0 	0.0045486
9274.0 	0.0048882
9276.0 	0.0052278
9278.0 	0.0055674
9280.0 	0.005907
9282.0 	0.0050142
9284.0 	0.0041214
9286.0 	0.0032286
9288.0 	0.0023358
9290.0 	0.001443
9292.0 	0.001347
9294.0 	0.001251
9296.0 	0.001155
9298.0 	0.001059
9300.0 	0.000963
9302.0 	0.0011872
9304.0 	0.0014114
9306.0 	0.0016356
9308.0 	0.0018598
9310.0 	0.002084
9312.0 	0.0021892
9314.0 	0.0022944
9316.0 	0.0023996
9318.0 	0.0025048
9320.0 	0.00261
9322.0 	0.0029508
9324.0 	0.0032916
9326.0 	0.0036324
9328.0 	0.0039732
9330.0 	0.004314
9332.0 	0.0041054
9334.0 	0.0038968
9336.0 	0.0036882
9338.0 	0.0034796
9340.0 	0.003271
9342.0 	0.0029048
9344.0 	0.0025386
9346.0 	0.0021724
9348.0 	0.0018062
9350.0 	0.00144
9352.0 	0.0018228
9354.0 	0.0022056
9356.0 	0.0025884
9358.0 	0.0029712
9360.0 	0.003354
9362.0 	0.0038994
9364.0 	0.0044448
9366.0 	0.0049902
9368.0 	0.0055356
9370.0 	0.006081
9372.0 	0.0048648
9374.0 	0.0036486
9376.0 	0.0024324
9378.0 	0.0012162
9380.0 	-2.98372E-16
9382.0 	0.000881
9384.0 	0.001762
9386.0 	0.002643
9388.0 	0.003524
9390.0 	0.004405
9392.0 	0.0042476
9394.0 	0.0040902
9396.0 	0.0039328
9398.0 	0.0037754
9400.0 	0.003618
9402.0 	0.003652
9404.0 	0.003686
9406.0 	0.00372
9408.0 	0.003754
9410.0 	0.003788
9412.0 	0.0033674
9414.0 	0.0029468
9416.0 	0.0025262
9418.0 	0.0021056
9420.0 	0.001685
9422.0 	0.0021142
9424.0 	0.0025434
9426.0 	0.0029726
9428.0 	0.0034018
9430.0 	0.003831
9432.0 	0.0031214
9434.0 	0.0024118
9436.0 	0.0017022
9438.0 	0.0009926
9440.0 	0.000283
9442.0 	0.0002944
9444.0 	0.0003058
9446.0 	0.0003172
9448.0 	0.0003286
9450.0 	0.00034
9452.0 	0.000394
9454.0 	0.000448
9456.0 	0.000502
9458.0 	0.000556
9460.0 	0.00061
9462.0 	0.000512
9464.0 	0.000414
9466.0 	0.000316
9468.0 	0.000218
9470.0 	0.00012
9472.0 	0.000386
9474.0 	0.000652
9476.0 	0.000918
9478.0 	0.001184
9480.0 	0.00145
9482.0 	0.001423
9484.0 	0.001396
9486.0 	0.001369
9488.0 	0.001342
9490.0 	0.001315
9492.0 	0.0010982
9494.0 	0.0008814
9496.0 	0.0006646
9498.0 	0.0004478
9500.0 	0.000231
9502.0 	0.000384
9504.0 	0.000537
9506.0 	0.00069
9508.0 	0.000843
9510.0 	0.000996
9512.0 	0.001089
9514.0 	0.001182
9516.0 	0.001275
9518.0 	0.001368
9520.0 	0.001461
9522.0 	0.0016584
9524.0 	0.0018558
9526.0 	0.0020532
9528.0 	0.0022506
9530.0 	0.002448
9532.0 	0.0024418
9534.0 	0.0024356
9536.0 	0.0024294
9538.0 	0.0024232
9540.0 	0.002417
9542.0 	0.0021074
9544.0 	0.0017978
9546.0 	0.0014882
9548.0 	0.0011786
9550.0 	0.000869
9552.0 	0.0009156
9554.0 	0.0009622
9556.0 	0.0010088
9558.0 	0.0010554
9560.0 	0.001102
9562.0 	0.0011098
9564.0 	0.0011176
9566.0 	0.0011254
9568.0 	0.0011332
9570.0 	0.001141
9572.0 	0.0015386
9574.0 	0.0019362
9576.0 	0.0023338
9578.0 	0.0027314
9580.0 	0.003129
9582.0 	0.003108
9584.0 	0.003087
9586.0 	0.003066
9588.0 	0.003045
9590.0 	0.003024
9592.0 	0.0028364
9594.0 	0.0026488
9596.0 	0.0024612
9598.0 	0.0022736
9600.0 	0.002086
9602.0 	0.0020002
9604.0 	0.0019144
9606.0 	0.0018286
9608.0 	0.0017428
9610.0 	0.001657
9612.0 	0.001969
9614.0 	0.002281
9616.0 	0.002593
9618.0 	0.002905
9620.0 	0.003217
9622.0 	0.0028338
9624.0 	0.0024506
9626.0 	0.0020674
9628.0 	0.0016842
9630.0 	0.001301
9632.0 	0.0011202
9634.0 	0.0009394
9636.0 	0.0007586
9638.0 	0.0005778
9640.0 	0.000397
9642.0 	0.0004894
9644.0 	0.0005818
9646.0 	0.0006742
9648.0 	0.0007666
9650.0 	0.000859
9652.0 	0.0008968
9654.0 	0.0009346
9656.0 	0.0009724
9658.0 	0.0010102
9660.0 	0.001048
9662.0 	0.0010704
9664.0 	0.0010928
9666.0 	0.0011152
9668.0 	0.0011376
9670.0 	0.00116
9672.0 	0.0011964
9674.0 	0.0012328
9676.0 	0.0012692
9678.0 	0.0013056
9680.0 	0.001342
9682.0 	0.0012066
9684.0 	0.0010712
9686.0 	0.0009358
9688.0 	0.0008004
9690.0 	0.000665
9692.0 	0.0006826
9694.0 	0.0007002
9696.0 	0.0007178
9698.0 	0.0007354
9700.0 	0.000753
9702.0 	0.001108
9704.0 	0.001463
9706.0 	0.001818
9708.0 	0.002173
9710.0 	0.002528
9712.0 	0.0020454
9714.0 	0.0015628
9716.0 	0.0010802
9718.0 	0.0005976
9720.0 	0.000115
9722.0 	0.0003498
9724.0 	0.0005846
9726.0 	0.0008194
9728.0 	0.0010542
9730.0 	0.001289
9732.0 	0.001787
9734.0 	0.002285
9736.0 	0.002783
9738.0 	0.003281
9740.0 	0.003779
9742.0 	0.0035912
9744.0 	0.0034034
9746.0 	0.0032156
9748.0 	0.0030278
9750.0 	0.00284
9752.0 	0.0031382
9754.0 	0.0034364
9756.0 	0.0037346
9758.0 	0.0040328
9760.0 	0.004331
9762.0 	0.0042394
9764.0 	0.0041478
9766.0 	0.0040562
9768.0 	0.0039646
9770.0 	0.003873
9772.0 	0.003192
9774.0 	0.002511
9776.0 	0.00183
9778.0 	0.001149
9780.0 	0.000468
9782.0 	0.0005156
9784.0 	0.0005632
9786.0 	0.0006108
9788.0 	0.0006584
9790.0 	0.000706
9792.0 	0.0007754
9794.0 	0.0008448
9796.0 	0.0009142
9798.0 	0.0009836
9800.0 	0.001053
9802.0 	0.0010522
9804.0 	0.0010514
9806.0 	0.0010506
9808.0 	0.0010498
9810.0 	0.001049
9812.0 	0.0014458
9814.0 	0.0018426
9816.0 	0.0022394
9818.0 	0.0026362
9820.0 	0.003033
9822.0 	0.0024738
9824.0 	0.0019146
9826.0 	0.0013554
9828.0 	0.0007962
9830.0 	0.000237
9832.0 	0.0008424
9834.0 	0.0014478
9836.0 	0.0020532
9838.0 	0.0026586
9840.0 	0.003264
9842.0 	0.0026624
9844.0 	0.0020608
9846.0 	0.0014592
9848.0 	0.0008576
9850.0 	0.000256
9852.0 	0.0003066
9854.0 	0.0003572
9856.0 	0.0004078
9858.0 	0.0004584
9860.0 	0.000509
9862.0 	0.0006436
9864.0 	0.0007782
9866.0 	0.0009128
9868.0 	0.0010474
9870.0 	0.001182
9872.0 	0.0013156
9874.0 	0.0014492
9876.0 	0.0015828
9878.0 	0.0017164
9880.0 	0.00185
9882.0 	0.0019942
9884.0 	0.0021384
9886.0 	0.0022826
9888.0 	0.0024268
9890.0 	0.002571
9892.0 	0.002273
9894.0 	0.001975
9896.0 	0.001677
9898.0 	0.001379
9900.0 	0.001081
9902.0 	0.001284
9904.0 	0.001487
9906.0 	0.00169
9908.0 	0.001893
9910.0 	0.002096
9912.0 	0.0017468
9914.0 	0.0013976
9916.0 	0.0010484
9918.0 	0.0006992
9920.0 	0.00035
9922.0 	0.0005962
9924.0 	0.0008424
9926.0 	0.0010886
9928.0 	0.0013348
9930.0 	0.001581
9932.0 	0.0021694
9934.0 	0.0027578
9936.0 	0.0033462
9938.0 	0.0039346
9940.0 	0.004523
9942.0 	0.0037486
9944.0 	0.0029742
9946.0 	0.0021998
9948.0 	0.0014254
9950.0 	0.000651
9952.0 	0.0011224
9954.0 	0.0015938
9956.0 	0.0020652
9958.0 	0.0025366
9960.0 	0.003008
9962.0 	0.0025524
9964.0 	0.0020968
9966.0 	0.0016412
9968.0 	0.0011856
9970.0 	0.00073
9972.0 	0.0006444
9974.0 	0.0005588
9976.0 	0.0004732
9978.0 	0.0003876
9980.0 	0.000302
9982.0 	0.0002618
9984.0 	0.0002216
9986.0 	0.0001814
9988.0 	0.0001412
9990.0 	0.000101
9992.0 	0.0004654
9994.0 	0.0008298
9996.0 	0.0011942
9998.0 	0.0015586
10000.0 	0.001923
10002.0 	0.0016302
10004.0 	0.0013374
10006.0 	0.0010446
10008.0 	0.0007518
10010.0 	0.000459
10012.0 	0.000479
10014.0 	0.000499
10016.0 	0.000519
10018.0 	0.000539
10020.0 	0.000559
10022.0 	0.0008498
10024.0 	0.0011406
10026.0 	0.0014314
10028.0 	0.0017222
10030.0 	0.002013
10032.0 	0.001658
10034.0 	0.001303
10036.0 	0.000948
10038.0 	0.000593
10040.0 	0.000238
10042.0 	0.0003646
10044.0 	0.0004912
10046.0 	0.0006178
10048.0 	0.0007444
10050.0 	0.000871
10052.0 	0.0008546
10054.0 	0.0008382
10056.0 	0.0008218
10058.0 	0.0008054
10060.0 	0.000789
10062.0 	0.001061
10064.0 	0.001333
10066.0 	0.001605
10068.0 	0.001877
10070.0 	0.002149
10072.0 	0.0022592
10074.0 	0.0023694
10076.0 	0.0024796
10078.0 	0.0025898
10080.0 	0.0027
10082.0 	0.0023838
10084.0 	0.0020676
10086.0 	0.0017514
10088.0 	0.0014352
10090.0 	0.001119
10092.0 	0.001142
10094.0 	0.001165
10096.0 	0.001188
10098.0 	0.001211
10100.0 	0.001234
10102.0 	0.0015318
10104.0 	0.0018296
10106.0 	0.0021274
10108.0 	0.0024252
10110.0 	0.002723
10112.0 	0.002241
10114.0 	0.001759
10116.0 	0.001277
10118.0 	0.000795
10120.0 	0.000313
10122.0 	0.0003558
10124.0 	0.0003986
10126.0 	0.0004414
10128.0 	0.0004842
10130.0 	0.000527
10132.0 	0.0005034
10134.0 	0.0004798
10136.0 	0.0004562
10138.0 	0.0004326
10140.0 	0.000409
10142.0 	0.0003894
10144.0 	0.0003698
10146.0 	0.0003502
10148.0 	0.0003306
10150.0 	0.000311
10152.0 	0.000742
10154.0 	0.001173
10156.0 	0.001604
10158.0 	0.002035
10160.0 	0.002466
10162.0 	0.0020194
10164.0 	0.0015728
10166.0 	0.0011262
10168.0 	0.0006796
10170.0 	0.000233
10172.0 	0.0006986
10174.0 	0.0011642
10176.0 	0.0016298
10178.0 	0.0020954
10180.0 	0.002561
10182.0 	0.002545
10184.0 	0.002529
10186.0 	0.002513
10188.0 	0.002497
10190.0 	0.002481
10192.0 	0.0021862
10194.0 	0.0018914
10196.0 	0.0015966
10198.0 	0.0013018
10200.0 	0.001007
10202.0 	0.000883
10204.0 	0.000759
10206.0 	0.000635
10208.0 	0.000511
10210.0 	0.000387
10212.0 	0.0007696
10214.0 	0.0011522
10216.0 	0.0015348
10218.0 	0.0019174
10220.0 	0.0023
10222.0 	0.0023968
10224.0 	0.0024936
10226.0 	0.0025904
10228.0 	0.0026872
10230.0 	0.002784
10232.0 	0.0026296
10234.0 	0.0024752
10236.0 	0.0023208
10238.0 	0.0021664
10240.0 	0.002012
10242.0 	0.0020308
10244.0 	0.0020496
10246.0 	0.0020684
10248.0 	0.0020872
10250.0 	0.002106
10252.0 	0.0025006
10254.0 	0.0028952
10256.0 	0.0032898
10258.0 	0.0036844
10260.0 	0.004079
10262.0 	0.003649
10264.0 	0.003219
10266.0 	0.002789
10268.0 	0.002359
10270.0 	0.001929
10272.0 	0.0018992
10274.0 	0.0018694
10276.0 	0.0018396
10278.0 	0.0018098
10280.0 	0.00178
10282.0 	0.0015478
10284.0 	0.0013156
10286.0 	0.0010834
10288.0 	0.0008512
10290.0 	0.000619
10292.0 	0.0006536
10294.0 	0.0006882
10296.0 	0.0007228
10298.0 	0.0007574
10300.0 	0.000792
10302.0 	0.001035
10304.0 	0.001278
10306.0 	0.001521
10308.0 	0.001764
10310.0 	0.002007
10312.0 	0.0022244
10314.0 	0.0024418
10316.0 	0.0026592
10318.0 	0.0028766
10320.0 	0.003094
10322.0 	0.002479
10324.0 	0.001864
10326.0 	0.001249
10328.0 	0.000634
10330.0 	1.9E-05
10332.0 	9.26E-05
10334.0 	0.0001662
10336.0 	0.0002398
10338.0 	0.0003134
10340.0 	0.000387
10342.0 	0.0005458
10344.0 	0.0007046
10346.0 	0.0008634
10348.0 	0.0010222
10350.0 	0.001181
10352.0 	0.0012232
10354.0 	0.0012654
10356.0 	0.0013076
10358.0 	0.0013498
10360.0 	0.001392
10362.0 	0.0021364
10364.0 	0.0028808
10366.0 	0.0036252
10368.0 	0.0043696
10370.0 	0.005114
10372.0 	0.00462
10374.0 	0.004126
10376.0 	0.003632
10378.0 	0.003138
10380.0 	0.002644
10382.0 	0.0022394
10384.0 	0.0018348
10386.0 	0.0014302
10388.0 	0.0010256
10390.0 	0.000621
10392.0 	0.0006212
10394.0 	0.0006214
10396.0 	0.0006216
10398.0 	0.0006218
10400.0 	0.000622
10402.0 	0.0005482
10404.0 	0.0004744
10406.0 	0.0004006
10408.0 	0.0003268
10410.0 	0.000253
10412.0 	0.0006434
10414.0 	0.0010338
10416.0 	0.0014242
10418.0 	0.0018146
10420.0 	0.002205
10422.0 	0.0021826
10424.0 	0.0021602
10426.0 	0.0021378
10428.0 	0.0021154
10430.0 	0.002093
10432.0 	0.0017526
10434.0 	0.0014122
10436.0 	0.0010718
10438.0 	0.0007314
10440.0 	0.000391
10442.0 	0.0004658
10444.0 	0.0005406
10446.0 	0.0006154
10448.0 	0.0006902
10450.0 	0.000765
10452.0 	0.0015568
10454.0 	0.0023486
10456.0 	0.0031404
10458.0 	0.0039322
10460.0 	0.004724
10462.0 	0.004141
10464.0 	0.003558
10466.0 	0.002975
10468.0 	0.002392
10470.0 	0.001809
10472.0 	0.0019232
10474.0 	0.0020374
10476.0 	0.0021516
10478.0 	0.0022658
10480.0 	0.00238
10482.0 	0.0021092
10484.0 	0.0018384
10486.0 	0.0015676
10488.0 	0.0012968
10490.0 	0.001026
10492.0 	0.0008564
10494.0 	0.0006868
10496.0 	0.0005172
10498.0 	0.0003476
10500.0 	0.000178
10502.0 	0.0005072
10504.0 	0.0008364
10506.0 	0.0011656
10508.0 	0.0014948
10510.0 	0.001824
10512.0 	0.0017574
10514.0 	0.0016908
10516.0 	0.0016242
10518.0 	0.0015576
10520.0 	0.001491
10522.0 	0.0015236
10524.0 	0.0015562
10526.0 	0.0015888
10528.0 	0.0016214
10530.0 	0.001654
10532.0 	0.001351
10534.0 	0.001048
10536.0 	0.000745
10538.0 	0.000442
10540.0 	0.000139
10542.0 	0.0005482
10544.0 	0.0009574
10546.0 	0.0013666
10548.0 	0.0017758
10550.0 	0.002185
10552.0 	0.0025664
10554.0 	0.0029478
10556.0 	0.0033292
10558.0 	0.0037106
10560.0 	0.004092
10562.0 	0.0040624
10564.0 	0.0040328
10566.0 	0.0040032
10568.0 	0.0039736
10570.0 	0.003944
10572.0 	0.0037486
10574.0 	0.0035532
10576.0 	0.0033578
10578.0 	0.0031624
10580.0 	0.002967
10582.0 	0.0034132
10584.0 	0.0038594
10586.0 	0.0043056
10588.0 	0.0047518
10590.0 	0.005198
10592.0 	0.0048082
10594.0 	0.0044184
10596.0 	0.0040286
10598.0 	0.0036388
10600.0 	0.003249
10602.0 	0.0041936
10604.0 	0.0051382
10606.0 	0.0060828
10608.0 	0.0070274
10610.0 	0.007972
10612.0 	0.007652
10614.0 	0.007332
10616.0 	0.007012
10618.0 	0.006692
10620.0 	0.006372
10622.0 	0.0070458
10624.0 	0.0077196
10626.0 	0.0083934
10628.0 	0.0090672
10630.0 	0.009741
10632.0 	0.01006
10634.0 	0.010379
10636.0 	0.010698
10638.0 	0.011017
10640.0 	0.011336
10642.0 	0.011027
10644.0 	0.010718
10646.0 	0.010409
10648.0 	0.0101
10650.0 	0.009791
10652.0 	0.0093992
10654.0 	0.0090074
10656.0 	0.0086156
10658.0 	0.0082238
10660.0 	0.007832
10662.0 	0.008929
10664.0 	0.010026
10666.0 	0.011123
10668.0 	0.01222
10670.0 	0.013317
10672.0 	0.0130316
10674.0 	0.0127462
10676.0 	0.0124608
10678.0 	0.0121754
10680.0 	0.01189
10682.0 	0.0116044
10684.0 	0.0113188
10686.0 	0.0110332
10688.0 	0.0107476
10690.0 	0.010462
10692.0 	0.0107658
10694.0 	0.0110696
10696.0 	0.0113734
10698.0 	0.0116772
10700.0 	0.011981
10702.0 	0.0129556
10704.0 	0.0139302
10706.0 	0.0149048
10708.0 	0.0158794
10710.0 	0.016854
10712.0 	0.0172084
10714.0 	0.0175628
10716.0 	0.0179172
10718.0 	0.0182716
10720.0 	0.018626
10722.0 	0.0183778
10724.0 	0.0181296
10726.0 	0.0178814
10728.0 	0.0176332
10730.0 	0.017385
10732.0 	0.0178966
10734.0 	0.0184082
10736.0 	0.0189198
10738.0 	0.0194314
10740.0 	0.019943
10742.0 	0.019893
10744.0 	0.019843
10746.0 	0.019793
10748.0 	0.019743
10750.0 	0.019693
10752.0 	0.0204758
10754.0 	0.0212586
10756.0 	0.0220414
10758.0 	0.0228242
10760.0 	0.023607
10762.0 	0.0238142
10764.0 	0.0240214
10766.0 	0.0242286
10768.0 	0.0244358
10770.0 	0.024643
10772.0 	0.0247548
10774.0 	0.0248666
10776.0 	0.0249784
10778.0 	0.0250902
10780.0 	0.025202
10782.0 	0.0267928
10784.0 	0.0283836
10786.0 	0.0299744
10788.0 	0.0315652
10790.0 	0.033156
10792.0 	0.0331662
10794.0 	0.0331764
10796.0 	0.0331866
10798.0 	0.0331968
10800.0 	0.033207
10802.0 	0.0336736
10804.0 	0.0341402
10806.0 	0.0346068
10808.0 	0.0350734
10810.0 	0.03554
10812.0 	0.0350962
10814.0 	0.0346524
10816.0 	0.0342086
10818.0 	0.0337648
10820.0 	0.033321
10822.0 	0.0350144
10824.0 	0.0367078
10826.0 	0.0384012
10828.0 	0.0400946
10830.0 	0.041788
10832.0 	0.0424008
10834.0 	0.0430136
10836.0 	0.0436264
10838.0 	0.0442392
10840.0 	0.044852
10842.0 	0.0460666
10844.0 	0.0472812
10846.0 	0.0484958
10848.0 	0.0497104
10850.0 	0.050925
10852.0 	0.0516206
10854.0 	0.0523162
10856.0 	0.0530118
10858.0 	0.0537074
10860.0 	0.054403
10862.0 	0.0566862
10864.0 	0.0589694
10866.0 	0.0612526
10868.0 	0.0635358
10870.0 	0.065819
10872.0 	0.066582
10874.0 	0.067345
10876.0 	0.068108
10878.0 	0.068871
10880.0 	0.069634
10882.0 	0.0707664
10884.0 	0.0718988
10886.0 	0.0730312
10888.0 	0.0741636
10890.0 	0.075296
10892.0 	0.0779352
10894.0 	0.0805744
10896.0 	0.0832136
10898.0 	0.0858528
10900.0 	0.088492
10902.0 	0.0914682
10904.0 	0.0944444
10906.0 	0.0974206
10908.0 	0.1003968
10910.0 	0.103373
10912.0 	0.1061156
10914.0 	0.1088582
10916.0 	0.1116008
10918.0 	0.1143434
10920.0 	0.117086
10922.0 	0.120913
10924.0 	0.12474
10926.0 	0.128567
10928.0 	0.132394
10930.0 	0.136221
10932.0 	0.1396394
10934.0 	0.1430578
10936.0 	0.1464762
10938.0 	0.1498946
10940.0 	0.153313
10942.0 	0.158367
10944.0 	0.163421
10946.0 	0.168475
10948.0 	0.173529
10950.0 	0.178583
10952.0 	0.1836516
10954.0 	0.1887202
10956.0 	0.1937888
10958.0 	0.1988574
10960.0 	0.203926
10962.0 	0.2093798
10964.0 	0.2148336
10966.0 	0.2202874
10968.0 	0.2257412
10970.0 	0.231195
10972.0 	0.2379982
10974.0 	0.2448014
10976.0 	0.2516046
10978.0 	0.2584078
10980.0 	0.265211
10982.0 	0.2749936
10984.0 	0.2847762
10986.0 	0.2945588
10988.0 	0.3043414
10990.0 	0.314124
10992.0 	0.325768
10994.0 	0.337412
10996.0 	0.349056
10998.0 	0.3607
11000.0 	0.372344
